710
509
532
451
134
28
834
143
168
800
305
132
156
896
69
102
768
317
153
570
472
358
582
851
295
95
627
4
473
59
451
836
784
699
247
188
135
528
251
498
303
884
572
406
826
143
812
580
548
200
670
381
572
219
251
819
509
515
215
543
360
343
499
179
779
261
497
758
603
427
747
647
717
74
426
81
475
723
94
192
932
658
864
677
492
6
365
313
369
374
116
22
649
284
193
608
762
560
882
135
275
683
26
905
500
146
115
68
381
442
413
570
422
600
581
536
673
85
449
452
910
117
194
573
508
447
473
886
689
665
524
586
656
83
683
106
13
293
543
92
313
284
776
105
640
936
678
892
690
188
592
363
293
611
653
808
666
723
28
117
306
283
852
789
497
181
928
781
747
660
697
102
806
916
571
124
638
781
890
614
263
568
393
612
871
703
365
855
474
696
597
435
858
454
154
435
803
913
276
97
893
547
294
355
763
451
16
406
409
427
936
560
261
276
422
16
189
393
493
816
881
449
728
633
318
311
584
190
235
677
453
702
306
566
843
66
846
472
470
533
145
804
349
22
753
883
831
334
211
176
196
645
897
684
836
309
724
207
768
585
536
143
648
864
499
581
801
676
605
244
710
76
461
