2
5
11
15
18
20
27
34
65
72
79
80
88
89
98
120
122
123
129
131
147
149
151
152
155
169
170
171
185
186
202
204
209
212
224
225
236
238
256
260
264
266
269
273
277
278
292
296
316
321
330
338
352
356
362
389
390
400
401
418
421
424
438
444
450
457
460
463
485
491
494
503
504
516
518
523
529
535
539
544
556
558
562
563
577
591
593
598
602
607
613
623
629
639
655
672
681
685
687
688
693
701
704
707
713
716
719
720
722
730
731
733
736
754
755
760
786
796
797
798
799
807
809
810
811
835
837
839
856
857
860
861
873
878
879
891
895
902
908
909
911
914
938
942
134
28
143
168
102
358
295
95
59
836
784
699
188
884
572
406
143
548
200
381
572
219
819
515
215
543
360
343
499
779
427
647
74
426
192
932
658
492
6
313
374
116
284
762
560
882
275
683
26
146
115
381
413
600
581
536
673
85
452
194
573
524
656
83
683
106
13
543
92
313
284
678
892
690
188
611
653
808
666
28
306
852
102
571
124
638
890
614
263
568
612
871
855
474
696
858
454
803
97
547
294
406
409
427
560
189
816
881
728
633
318
311
235
702
306
843
533
145
804
349
753
883
334
211
196
836
309
724
207
585
536
143
648
499
581
605
