12
23
24
32
35
36
38
43
46
49
52
62
96
126
128
140
150
159
165
174
175
180
198
203
206
214
223
228
229
230
240
241
253
258
262
270
274
280
281
297
300
304
314
324
341
342
344
345
348
354
366
372
373
376
404
405
410
416
417
434
436
437
439
462
477
482
490
496
505
507
525
531
541
550
555
557
588
599
601
609
617
618
620
630
631
642
646
654
657
668
674
679
698
705
708
711
712
721
726
732
734
735
740
751
756
759
764
782
787
805
813
822
827
849
854
859
872
875
885
887
904
907
917
920
921
922
925
930
939
710
509
532
451
834
800
305
132
156
896
69
768
317
153
570
472
582
851
627
4
473
451
247
135
528
251
498
303
826
812
580
670
251
509
179
261
497
758
603
747
717
81
475
723
94
864
677
365
369
22
649
193
608
135
905
500
68
442
570
422
449
910
117
508
447
473
886
689
665
586
293
776
105
640
936
592
363
293
723
117
283
789
497
181
928
781
747
660
697
806
916
781
393
703
365
597
435
154
435
913
276
893
355
763
451
16
936
261
276
422
16
393
493
449
584
190
677
453
566
66
846
472
470
22
831
176
645
897
684
768
864
801
676
244
710
76
461
