2
5
11
12
15
18
20
23
24
27
32
34
35
36
38
43
46
49
52
62
65
72
79
80
88
89
96
98
120
122
123
126
128
129
131
140
147
149
150
151
152
155
159
165
169
170
171
174
175
180
185
186
198
202
203
204
206
209
212
214
223
224
225
228
229
230
236
238
240
241
253
256
258
260
262
264
266
269
270
273
274
277
278
280
281
292
296
297
300
304
314
316
321
324
330
338
341
342
344
345
348
352
354
356
362
366
372
373
376
389
390
400
401
404
405
410
416
417
418
421
424
434
436
437
438
439
444
450
457
460
462
463
477
482
485
490
491
494
496
503
504
505
507
516
518
523
525
529
531
535
539
541
544
550
555
556
557
558
562
563
577
588
591
593
598
599
601
602
607
609
613
617
618
620
623
629
630
631
639
642
646
654
655
657
668
672
674
679
681
685
687
688
693
698
701
704
705
707
708
711
712
713
716
719
720
721
722
726
730
731
732
733
734
735
736
740
751
754
755
756
759
760
764
782
786
787
796
797
798
799
805
807
809
810
811
813
822
827
835
837
839
849
854
856
857
859
860
861
872
873
875
878
879
885
887
891
895
902
904
907
908
909
911
914
917
920
921
922
925
930
938
939
942
