2	50	5
2	13	4
2	279	4
2	292	4
2	315	1
2	251	5
2	290	3
2	307	3
2	314	1
2	301	4
2	308	3
2	303	4
2	312	3
2	313	5
2	281	3
2	280	3
2	257	4
2	316	5
2	297	4
2	299	4
4	327	5
4	50	5
4	288	4
4	361	5
4	356	3
4	324	5
4	357	4
4	264	3
4	260	4
4	271	4
4	303	5
4	328	3
4	359	5
4	354	5
4	258	5
4	294	5
4	210	3
4	329	5
4	300	5
4	11	4
5	110	1
5	376	2
5	454	1
5	102	3
5	2	3
5	407	3
5	423	4
5	62	4
5	377	1
5	231	2
5	1	4
5	382	5
5	17	4
5	424	1
5	439	1
5	225	2
5	363	3
5	211	4
5	98	3
5	24	4
6	357	4
6	463	4
6	275	4
6	301	2
6	294	2
6	532	3
6	86	3
6	508	3
6	258	2
6	221	4
6	469	5
6	517	4
6	14	5
6	492	5
6	211	5
6	23	4
6	98	5
6	69	3
6	478	4
6	143	2
11	720	1
11	558	3
11	732	3
11	561	2
11	312	4
11	741	5
11	517	2
11	740	4
11	714	4
11	660	3
11	723	5
11	230	4
11	38	3
11	227	3
11	110	3
11	190	3
11	746	4
11	725	3
11	425	4
11	111	4
12	196	5
12	300	4
12	191	5
12	684	5
12	204	5
12	753	5
12	71	4
12	172	4
12	82	4
12	15	5
12	97	5
12	276	4
12	143	5
12	96	4
12	471	5
12	157	5
12	28	5
12	754	4
12	132	5
12	735	5
13	272	4
13	360	4
13	809	4
13	418	2
13	198	3
13	344	2
13	229	4
13	823	5
13	858	1
13	892	3
13	215	5
13	526	3
13	864	4
13	901	1
13	498	4
13	56	5
13	186	4
13	98	4
13	836	2
13	780	1
15	20	3
15	620	4
15	742	2
15	696	2
15	25	3
15	932	1
15	678	1
15	137	4
15	405	2
15	301	4
15	331	3
15	222	3
15	473	1
15	278	1
15	924	3
15	289	3
15	749	1
15	508	2
15	127	2
15	685	4
16	55	5
16	191	5
16	168	4
16	504	5
16	197	5
16	155	3
16	209	5
16	178	5
16	89	2
16	944	1
16	70	4
16	56	5
16	705	5
16	471	3
16	194	5
16	92	4
16	144	5
16	64	5
16	942	4
16	8	5
18	408	5
18	182	4
18	196	3
18	494	3
18	965	4
18	58	4
18	154	4
18	202	3
18	113	5
18	607	3
18	863	3
18	496	5
18	443	3
18	729	3
18	26	4
18	199	3
18	950	3
18	647	4
18	387	4
18	86	4
20	1	3
20	931	1
20	568	4
20	121	3
20	742	4
20	11	2
20	69	1
20	405	3
20	208	2
20	597	3
20	144	2
20	176	2
20	288	1
20	678	4
20	186	3
20	118	4
20	252	4
20	95	3
20	194	3
20	172	3
22	227	4
22	186	5
22	433	3
22	258	5
22	376	3
22	79	4
22	294	1
22	241	3
22	377	1
22	173	5
22	510	5
22	511	4
22	128	5
22	780	1
22	399	4
22	791	1
22	96	5
22	80	4
22	687	1
22	456	1
23	381	4
23	483	4
23	172	4
23	1006	3
23	528	4
23	83	4
23	183	3
23	258	5
23	213	3
23	215	2
23	170	4
23	404	4
23	516	4
23	88	3
23	463	4
23	323	2
23	90	2
23	196	2
23	511	5
23	385	4
24	508	4
24	286	5
24	427	5
24	191	5
24	742	4
24	763	5
24	372	4
24	258	4
24	153	4
24	25	4
24	294	3
24	275	5
24	662	5
24	56	4
24	318	5
24	178	5
24	64	5
24	477	5
24	129	3
24	367	2
26	9	4
26	1016	3
26	125	4
26	15	4
26	286	3
26	864	2
26	25	3
26	1015	3
26	7	3
26	257	3
26	930	2
26	258	3
26	685	3
26	235	2
26	321	3
26	508	3
26	455	3
26	100	5
26	343	3
26	269	4
27	50	3
27	325	2
27	100	5
27	475	2
27	298	4
27	121	4
27	148	3
27	596	2
27	515	4
27	295	3
27	281	3
27	246	4
27	742	3
27	925	3
27	978	2
27	118	3
27	244	3
27	508	3
27	286	3
27	370	4
28	100	5
28	7	5
28	174	5
28	441	2
28	209	4
28	234	4
28	380	4
28	895	4
28	153	3
28	12	4
28	184	4
28	217	3
28	282	4
28	98	5
28	480	5
28	201	3
28	50	4
28	95	3
28	79	4
28	173	3
32	508	4
32	151	3
32	235	3
32	245	2
32	246	4
32	249	4
32	290	3
32	294	3
32	122	2
32	257	4
32	100	3
32	591	3
32	118	3
32	276	4
32	250	4
32	259	2
32	1016	1
32	1012	4
32	117	3
32	866	3
34	294	1
34	245	4
34	332	5
34	292	5
34	299	5
34	1024	5
34	259	2
34	329	5
34	899	5
34	324	5
34	286	5
34	242	5
34	310	4
34	898	5
34	690	4
34	312	4
34	289	1
34	288	2
34	991	4
34	990	5
35	680	4
35	332	4
35	748	4
35	358	1
35	328	3
35	243	2
35	258	2
35	261	3
35	937	4
35	876	2
35	259	4
35	333	4
35	881	2
35	678	3
35	877	2
35	327	3
35	242	2
35	322	3
35	1025	3
35	879	4
36	748	4
36	875	3
36	289	2
36	310	4
36	885	5
36	288	4
36	261	5
36	883	5
36	882	5
36	873	3
36	269	3
36	682	1
36	307	4
36	878	5
36	333	4
36	268	2
36	1026	5
36	319	2
36	358	5
36	339	5
38	432	1
38	95	5
38	403	1
38	384	5
38	465	5
38	423	5
38	1030	5
38	508	2
38	161	5
38	216	5
38	838	2
38	153	5
38	139	2
38	573	1
38	672	3
38	679	5
38	318	3
38	122	1
38	328	4
38	758	1
43	815	4
43	204	4
43	40	3
43	1057	2
43	26	5
43	323	3
43	151	4
43	284	5
43	52	4
43	5	4
43	137	4
43	820	2
43	631	2
43	14	2
43	553	4
43	114	5
43	203	4
43	64	5
43	120	4
43	66	4
46	127	5
46	307	3
46	909	5
46	7	4
46	327	4
46	50	4
46	245	3
46	690	5
46	181	4
46	294	2
46	125	4
46	333	5
46	288	2
46	313	5
46	328	4
46	1024	5
46	1062	5
46	151	4
46	100	4
46	538	3
49	68	1
49	7	4
49	47	5
49	995	3
49	581	3
49	38	1
49	625	3
49	334	4
49	49	2
49	17	2
49	547	5
49	741	4
49	238	4
49	959	2
49	1003	2
49	559	2
49	758	1
49	148	1
49	473	3
49	302	4
52	531	5
52	95	4
52	1086	4
52	280	3
52	657	5
52	275	4
52	93	4
52	235	2
52	250	3
52	116	4
52	498	5
52	405	4
52	427	5
52	15	5
52	287	5
52	845	5
52	742	4
52	257	3
52	748	4
52	1009	5
59	54	4
59	742	3
59	951	3
59	715	5
59	1107	4
59	418	2
59	387	3
59	77	4
59	235	1
59	196	5
59	485	2
59	177	4
59	92	5
59	429	4
59	550	5
59	23	5
59	583	5
59	323	4
59	468	3
59	148	3
62	433	5
62	1016	4
62	12	4
62	288	2
62	68	1
62	302	3
62	59	4
62	665	2
62	712	4
62	257	2
62	258	5
62	498	4
62	382	3
62	21	3
62	114	4
62	182	5
62	65	4
62	111	3
62	132	5
62	86	2
65	210	4
65	97	5
65	202	4
65	100	3
65	661	4
65	197	5
65	56	3
65	47	2
65	676	5
65	196	5
65	806	4
65	121	4
65	135	4
65	70	1
65	191	4
65	318	5
65	1142	4
65	125	4
65	427	5
65	1129	4
66	741	4
66	298	4
66	288	4
66	7	3
66	117	3
66	281	4
66	877	1
66	24	3
66	15	3
66	258	4
66	280	4
66	181	5
66	742	5
66	597	3
66	1	3
66	249	4
66	471	5
66	21	1
66	127	4
66	475	2
68	118	2
68	405	3
68	475	5
68	245	3
68	125	1
68	1047	1
68	471	3
68	117	4
68	7	3
68	258	5
68	178	5
68	286	5
68	411	1
68	458	1
68	237	5
68	742	1
68	50	5
68	1028	4
68	282	1
68	288	4
69	591	3
69	1017	5
69	48	5
69	689	3
69	175	3
69	427	3
69	12	5
69	109	3
69	1134	5
69	256	5
69	174	5
69	151	5
69	240	3
69	1143	5
69	9	4
69	56	5
69	300	3
69	258	4
69	268	5
69	748	2
72	234	4
72	226	4
72	28	4
72	568	4
72	527	4
72	528	4
72	699	3
72	129	4
72	79	4
72	182	5
72	866	4
72	530	4
72	89	3
72	196	4
72	679	2
72	427	5
72	195	5
72	48	4
72	1110	3
72	54	3
74	15	4
74	126	3
74	333	4
74	129	3
74	313	5
74	150	3
74	1084	3
74	326	4
74	354	3
74	272	5
74	124	3
74	285	3
74	9	4
74	100	4
74	237	4
74	121	4
74	137	3
74	324	3
74	288	3
74	301	3
76	811	4
76	12	3
76	59	4
76	258	3
76	61	4
76	100	5
76	150	5
76	333	3
76	582	3
76	64	5
76	135	5
76	421	3
76	276	5
76	518	3
76	690	2
76	474	5
76	531	4
76	92	4
76	175	4
76	1129	5
79	6	4
79	286	5
79	301	3
79	1161	2
79	325	5
79	813	5
79	269	5
79	246	5
79	100	5
79	288	3
79	124	5
79	508	3
79	370	2
79	900	4
79	937	2
79	7	5
79	313	2
79	303	4
79	137	4
79	50	4
80	194	3
80	87	4
80	582	3
80	100	5
80	269	3
80	466	5
80	208	5
80	213	3
80	50	3
80	58	4
80	423	3
80	699	3
80	199	2
80	886	4
80	45	4
80	260	1
80	234	3
80	154	3
80	215	5
80	303	4
81	742	2
81	432	2
81	410	4
81	411	2
81	7	4
81	282	5
81	169	4
81	118	2
81	476	2
81	273	4
81	124	3
81	824	3
81	1028	1
81	926	3
81	274	3
81	412	1
81	280	4
81	93	3
81	3	4
81	471	3
83	929	3
83	78	2
83	97	4
83	364	1
83	43	4
83	118	3
83	413	1
83	82	5
83	660	4
83	301	2
83	576	4
83	623	4
83	234	4
83	385	4
83	338	4
83	640	2
83	139	3
83	281	5
83	215	4
83	210	5
85	13	3
85	1065	3
85	588	3
85	282	3
85	187	5
85	298	4
85	25	2
85	228	3
85	277	2
85	507	4
85	647	4
85	427	3
85	51	2
85	501	3
85	83	4
85	259	2
85	272	4
85	642	4
85	604	4
85	433	3
88	898	4
88	904	5
88	886	5
88	261	5
88	321	1
88	302	3
88	690	4
88	319	3
88	880	3
88	311	5
88	1191	5
88	881	5
88	300	3
88	301	4
88	313	3
88	286	5
88	315	4
88	354	5
88	308	4
88	750	2
89	387	5
89	127	5
89	737	1
89	949	3
89	117	5
89	197	5
89	732	5
89	26	3
89	694	5
89	216	5
89	1048	3
89	246	5
89	151	5
89	381	4
89	83	4
89	707	5
89	221	1
89	813	5
89	936	5
89	716	3
92	121	5
92	515	4
92	1079	3
92	1049	1
92	794	3
92	747	4
92	77	3
92	739	2
92	172	4
92	501	2
92	540	2
92	587	3
92	176	5
92	180	5
92	831	2
92	168	4
92	241	3
92	790	3
92	1209	1
92	229	3
94	155	2
94	216	3
94	651	5
94	1220	3
94	24	4
94	744	4
94	1217	3
94	218	3
94	265	4
94	1224	3
94	471	4
94	789	4
94	343	4
94	174	4
94	860	2
94	720	1
94	62	3
94	184	2
94	792	4
94	572	3
95	625	4
95	1	5
95	1230	1
95	68	4
95	1229	2
95	546	2
95	1206	4
95	636	1
95	174	5
95	128	3
95	416	4
95	143	4
95	787	2
95	233	4
95	483	3
95	135	3
95	172	4
95	1217	3
95	395	3
95	527	4
96	153	4
96	474	4
96	479	4
96	435	3
96	170	5
96	100	5
96	484	5
96	64	5
96	525	2
96	8	5
96	519	4
96	91	5
96	478	2
96	673	4
96	156	4
96	173	3
96	645	5
96	87	4
96	483	5
96	1	5
97	7	5
97	194	3
97	228	5
97	97	5
97	435	4
97	28	5
97	222	5
97	98	4
97	429	4
97	89	5
97	466	3
97	655	5
97	482	5
97	432	4
97	115	5
97	484	3
97	670	5
97	50	5
97	168	4
97	428	4
98	163	3
98	745	3
98	47	4
98	70	3
98	629	5
98	428	5
98	938	3
98	209	2
98	116	5
98	25	5
98	88	3
98	517	5
98	321	3
98	168	2
98	502	2
98	523	5
98	173	1
98	514	5
98	655	3
98	322	3
102	118	3
102	300	3
102	432	3
102	264	2
102	576	2
102	405	2
102	313	3
102	732	3
102	1025	2
102	391	2
102	823	3
102	161	2
102	524	3
102	515	1
102	625	3
102	768	2
102	322	3
102	70	3
102	448	3
102	559	3
105	752	3
105	269	4
105	343	2
105	307	2
105	268	4
105	327	4
105	264	2
105	324	4
105	270	5
105	286	4
105	258	5
105	313	5
105	271	2
105	748	2
105	690	3
105	272	4
105	340	3
105	288	4
105	333	3
105	302	5
106	45	3
106	77	4
106	286	4
106	526	4
106	828	2
106	97	5
106	273	3
106	582	4
106	64	4
106	778	4
106	15	3
106	165	5
106	692	3
106	107	4
106	69	4
106	660	4
106	703	4
106	584	4
106	213	4
106	435	3
115	92	4
115	234	5
115	762	4
115	1067	4
115	228	4
115	8	5
115	511	5
115	172	4
115	466	5
115	462	4
115	443	4
115	642	5
115	20	3
115	32	5
115	11	4
115	763	2
115	265	2
115	530	5
115	69	1
115	127	5
116	7	2
116	1016	2
116	301	3
116	751	3
116	250	4
116	248	3
116	185	3
116	255	3
116	942	3
116	484	4
116	331	3
116	271	4
116	187	5
116	750	4
116	1082	3
116	880	3
116	350	3
116	1216	3
116	257	3
116	262	3
117	751	5
117	758	2
117	151	4
117	368	3
117	829	3
117	174	4
117	268	5
117	168	5
117	405	5
117	50	5
117	338	3
117	181	5
117	176	5
117	597	4
117	1	4
117	421	5
117	150	4
117	121	4
117	15	5
117	1047	2
120	827	2
120	1	4
120	742	4
120	282	4
120	924	4
120	25	5
120	252	3
120	9	4
120	15	4
120	125	4
120	245	3
120	257	2
120	405	4
120	117	3
120	148	3
120	286	5
120	237	3
120	121	4
120	258	5
120	546	2
122	70	5
122	510	4
122	509	4
122	511	5
122	212	5
122	191	5
122	727	4
122	715	5
122	553	3
122	175	5
122	708	5
122	187	4
122	378	4
122	1268	2
122	387	5
122	215	4
122	214	2
122	427	3
122	792	3
122	737	4
123	135	5
123	127	5
123	485	5
123	847	4
123	50	3
123	511	5
123	707	5
123	606	3
123	531	3
123	487	3
123	275	4
123	255	1
123	427	3
123	704	3
123	13	3
123	285	5
123	735	2
123	165	5
123	22	4
123	192	5
124	496	1
124	157	2
124	50	3
124	96	4
124	28	3
124	172	3
124	11	5
124	154	5
124	98	4
124	174	3
124	173	2
124	168	5
124	79	3
124	616	4
124	226	4
124	474	3
124	144	4
124	209	3
124	550	4
124	166	5
126	243	5
126	245	3
126	302	4
126	258	4
126	905	2
126	262	4
126	884	5
126	752	3
126	288	4
126	323	3
126	319	2
126	332	2
126	1175	5
126	289	3
126	322	3
126	878	5
126	313	5
126	327	3
126	682	1
126	294	3
128	418	4
128	736	5
128	111	3
128	204	4
128	182	4
128	485	3
128	508	4
128	482	4
128	15	4
128	371	1
128	747	3
128	283	5
128	276	4
128	143	5
128	739	4
128	140	4
128	228	3
128	317	4
128	79	4
128	603	5
129	311	3
129	303	3
129	302	4
129	339	2
129	882	2
129	270	3
129	269	4
129	678	1
129	873	1
129	286	5
129	272	4
129	258	2
129	307	2
129	313	3
129	331	2
129	327	3
129	995	2
129	268	1
129	288	1
129	245	2
131	242	5
131	126	4
131	286	5
131	293	3
131	1	4
131	845	4
131	274	3
131	19	4
131	1281	4
131	750	5
131	14	5
131	276	5
131	100	5
131	221	3
131	302	5
131	285	5
131	251	5
131	275	2
131	124	5
131	313	5
132	127	4
132	124	4
132	56	5
132	922	5
132	137	4
132	664	5
132	50	3
132	100	4
132	523	4
132	484	4
132	154	4
132	521	4
132	1154	3
132	251	4
132	286	3
132	285	4
132	151	3
132	275	3
132	12	4
132	175	3
134	286	3
134	326	5
134	315	3
134	313	5
134	879	4
134	301	2
134	323	4
134	339	2
134	748	5
134	328	4
134	1	5
134	258	4
134	751	5
134	259	2
134	539	4
134	300	3
134	15	5
134	892	2
134	316	4
134	302	2
135	233	3
135	39	3
135	431	2
135	1208	3
135	54	3
135	379	2
135	176	4
135	449	3
135	227	3
135	23	4
135	229	2
135	33	3
135	228	4
135	566	3
135	294	4
135	642	4
135	443	4
135	77	4
135	802	2
135	1046	3
140	289	4
140	332	3
140	325	3
140	288	3
140	321	4
140	988	3
140	319	4
140	880	4
140	245	3
140	302	4
140	304	4
140	268	4
140	322	3
140	334	2
140	286	5
140	872	3
140	873	2
140	258	3
140	301	3
140	294	3
143	288	5
143	690	2
143	271	4
143	307	4
143	325	5
143	333	5
143	313	5
143	328	4
143	1038	3
143	331	5
143	323	3
143	258	3
143	322	4
143	286	2
143	682	3
143	272	4
143	315	4
143	294	3
143	326	5
143	347	5
145	275	2
145	591	4
145	237	5
145	183	5
145	472	3
145	56	5
145	764	2
145	260	4
145	974	1
145	737	2
145	355	3
145	743	1
145	15	2
145	1245	5
145	13	5
145	1248	3
145	756	2
145	393	5
145	448	5
145	22	5
146	688	1
146	347	3
146	262	4
146	331	5
146	1293	5
146	301	2
146	1022	5
146	340	4
146	272	5
146	258	4
146	313	4
146	346	4
146	302	4
146	245	5
146	319	4
146	307	3
146	328	3
146	271	3
146	1294	4
146	300	3
147	269	4
147	690	4
147	898	5
147	751	2
147	301	5
147	302	4
147	750	5
147	319	4
147	292	5
147	313	4
147	340	4
147	304	5
147	305	4
147	904	5
147	937	3
147	286	5
147	339	5
147	258	4
147	270	3
147	345	4
149	325	2
149	302	4
149	326	3
149	337	2
149	327	2
149	689	2
149	338	2
149	305	4
149	310	2
149	312	1
149	896	4
149	323	2
149	262	1
149	269	5
149	308	2
149	346	4
149	301	3
149	321	2
149	286	5
149	319	2
150	221	4
150	121	2
150	235	4
150	147	4
150	100	2
150	181	5
150	410	4
150	1	4
150	273	4
150	13	4
150	127	5
150	628	4
150	268	5
150	293	4
150	93	4
150	475	5
150	325	1
150	129	4
150	246	5
150	50	5
151	89	5
151	1006	1
151	1298	4
151	10	5
151	387	5
151	485	5
151	919	5
151	13	3
151	747	3
151	703	4
151	835	5
151	12	5
151	402	3
151	969	5
151	929	3
151	372	5
151	176	2
151	58	4
151	197	5
151	317	5
152	866	5
152	255	5
152	685	5
152	125	5
152	1028	5
152	716	5
152	780	5
152	272	5
152	966	5
152	412	2
152	132	5
152	111	5
152	220	5
152	167	5
152	301	3
152	97	5
152	147	3
152	98	2
152	790	5
152	25	3
153	510	3
153	174	1
153	127	3
153	64	5
153	56	5
153	258	5
153	265	4
153	294	2
153	678	2
153	323	2
153	182	5
153	216	2
153	22	2
153	357	5
153	321	3
153	172	1
153	79	5
153	50	1
153	325	2
153	181	1
154	286	4
154	333	3
154	480	5
154	484	4
154	50	5
154	182	5
154	137	3
154	806	4
154	202	3
154	302	4
154	708	4
154	242	3
154	289	2
154	488	4
154	462	3
154	143	3
154	640	5
154	175	5
154	89	5
154	357	4
155	332	2
155	328	2
155	321	4
155	326	2
155	324	2
155	300	2
155	306	5
155	990	3
155	988	2
155	748	2
155	325	2
155	319	3
155	323	2
155	288	3
155	327	2
155	294	3
155	286	4
155	292	3
155	331	3
155	322	2
156	211	4
156	58	4
156	11	2
156	346	3
156	124	3
156	276	3
156	641	5
156	180	5
156	64	3
156	318	4
156	197	5
156	192	4
156	48	4
156	12	3
156	205	3
156	22	3
156	357	4
156	137	4
156	317	4
156	661	4
159	111	4
159	685	4
159	225	4
159	259	4
159	930	4
159	871	4
159	1028	5
159	323	4
159	258	4
159	249	4
159	451	5
159	127	5
159	328	3
159	1002	3
159	237	3
159	1037	2
159	877	3
159	815	3
159	546	4
159	831	2
165	372	5
165	318	5
165	169	5
165	651	5
165	181	5
165	288	2
165	69	3
165	270	4
165	419	4
165	91	4
165	216	4
165	332	4
165	304	3
165	500	3
165	176	4
165	222	5
165	260	3
165	15	5
165	258	5
165	325	4
168	284	2
168	295	4
168	748	2
168	255	1
168	151	5
168	1016	5
168	988	2
168	123	3
168	866	5
168	25	5
168	235	2
168	409	4
168	596	4
168	7	1
168	258	4
168	1197	5
168	411	1
168	472	3
168	1278	3
168	274	4
169	172	5
169	483	3
169	301	4
169	684	5
169	498	3
169	429	3
169	495	3
169	211	5
169	234	4
169	213	5
169	308	3
169	174	4
169	127	4
169	181	5
169	603	5
169	260	1
169	133	4
169	879	5
169	705	5
169	604	4
170	304	4
170	984	5
170	259	3
170	245	5
170	322	5
170	288	3
170	258	3
170	881	3
170	988	3
170	678	4
170	326	5
170	333	4
170	292	5
170	348	3
170	323	3
170	328	3
170	749	5
170	876	3
170	687	3
170	299	3
171	258	4
171	268	4
171	305	2
171	1022	3
171	327	4
171	906	3
171	302	4
171	262	4
171	354	3
171	340	3
171	344	3
171	292	4
171	313	4
171	346	4
171	245	3
171	690	3
171	887	4
171	315	4
171	306	3
171	303	4
174	82	1
174	937	5
174	368	1
174	237	4
174	80	1
174	41	1
174	699	5
174	107	5
174	395	1
174	902	3
174	160	5
174	471	5
174	660	5
174	1014	3
174	458	4
174	94	2
174	315	5
174	396	1
174	823	4
174	402	5
175	127	5
175	234	5
175	176	3
175	193	4
175	64	5
175	96	3
175	496	5
175	660	3
175	132	3
175	56	2
175	71	4
175	9	4
175	483	5
175	215	5
175	100	2
175	661	4
175	31	4
175	669	1
175	629	3
175	183	4
176	13	4
176	250	4
176	50	5
176	236	4
176	305	5
176	948	4
176	258	4
176	324	5
176	875	4
176	288	3
176	270	4
176	1012	4
176	240	4
176	327	3
176	272	5
176	751	1
176	294	2
176	297	3
176	100	5
176	750	4
179	895	5
179	1316	3
179	269	3
179	272	5
179	316	5
179	339	1
179	346	3
179	315	5
179	893	2
179	310	4
179	905	4
179	331	2
179	303	1
179	305	4
179	354	4
179	345	1
179	751	1
179	750	1
179	258	5
179	301	4
180	631	5
180	213	5
180	68	5
180	462	5
180	56	5
180	421	5
180	431	4
180	762	4
180	737	3
180	433	5
180	83	5
180	79	3
180	121	5
180	67	1
180	202	3
180	1119	3
180	716	1
180	69	4
180	216	5
180	111	5
181	306	1
181	872	1
181	264	2
181	762	2
181	220	4
181	121	4
181	870	2
181	1060	1
181	1081	1
181	1288	1
181	927	1
181	696	2
181	3	2
181	1295	1
181	405	4
181	938	1
181	325	2
181	279	1
181	741	1
181	1015	1
185	197	5
185	318	4
185	528	4
185	127	5
185	287	5
185	740	4
185	216	4
185	28	5
185	237	4
185	86	5
185	199	4
185	638	4
185	285	5
185	223	4
185	269	5
185	114	4
185	23	4
185	196	4
185	939	3
185	279	4
186	302	3
186	333	3
186	925	5
186	977	3
186	406	1
186	566	5
186	250	1
186	770	2
186	588	4
186	742	3
186	263	3
186	983	3
186	385	4
186	322	5
186	550	4
186	53	1
186	148	4
186	591	4
186	281	4
186	470	5
188	628	5
188	7	5
188	792	2
188	69	4
188	211	4
188	96	5
188	474	4
188	692	5
188	554	2
188	204	4
188	191	3
188	159	3
188	237	3
188	218	5
188	234	4
188	143	5
188	357	4
188	88	4
188	769	2
188	443	4
189	462	5
189	120	1
189	526	4
189	520	5
189	751	4
189	634	3
189	197	5
189	276	3
189	1060	5
189	45	3
189	253	4
189	56	5
189	203	3
189	30	4
189	1	5
189	512	4
189	91	3
189	1005	4
189	1115	4
189	20	5
190	363	2
190	302	5
190	405	4
190	291	3
190	974	2
190	748	3
190	117	4
190	977	2
190	294	3
190	300	4
190	340	1
190	717	3
190	269	4
190	751	4
190	118	3
190	147	4
190	742	3
190	222	4
190	282	3
190	628	4
192	1160	4
192	1137	4
192	276	2
192	1405	5
192	121	2
192	302	5
192	340	4
192	252	1
192	235	3
192	284	5
192	476	2
192	1061	4
192	50	4
192	108	4
192	948	3
192	277	3
192	301	4
192	127	4
192	258	5
192	257	4
193	1132	3
193	410	3
193	790	3
193	1078	4
193	328	3
193	393	4
193	435	4
193	195	1
193	682	1
193	96	1
193	869	3
193	368	1
193	879	3
193	693	4
193	941	4
193	407	4
193	627	4
193	827	2
193	554	3
193	332	3
194	274	2
194	165	4
194	647	4
194	478	3
194	385	2
194	77	3
194	1211	2
194	160	2
194	466	4
194	181	3
194	1028	2
194	54	3
194	191	4
194	152	3
194	239	3
194	187	4
194	212	1
194	23	4
194	172	3
194	66	3
196	381	4
196	70	3
196	393	4
196	66	3
196	242	3
196	306	4
196	580	2
196	655	5
196	692	5
196	94	3
196	8	5
196	251	3
196	67	5
196	238	4
196	428	4
196	111	4
196	663	5
196	1118	4
196	25	4
196	286	5
198	234	3
198	1169	4
198	258	4
198	214	4
198	180	3
198	640	3
198	58	3
198	179	4
198	118	2
198	135	5
198	651	4
198	7	4
198	1117	3
198	385	3
198	498	3
198	427	4
198	24	2
198	100	1
198	549	3
198	658	3
200	304	5
200	409	2
200	96	5
200	318	5
200	586	4
200	673	5
200	365	5
200	227	5
200	72	4
200	402	4
200	222	5
200	265	5
200	291	3
200	588	5
200	478	5
200	11	5
200	665	4
200	241	4
200	892	4
200	24	2
202	172	3
202	269	4
202	283	3
202	96	4
202	604	5
202	423	3
202	191	2
202	516	4
202	258	4
202	173	2
202	484	4
202	286	1
202	515	1
202	179	1
202	1	3
202	195	4
202	242	3
202	318	1
202	481	1
202	204	3
203	326	4
203	250	4
203	1	3
203	248	5
203	151	4
203	271	3
203	619	3
203	117	4
203	7	3
203	50	5
203	24	4
203	332	5
203	181	5
203	336	3
203	282	1
203	93	4
203	294	2
203	321	3
203	471	4
203	148	3
204	302	5
204	1194	4
204	258	2
204	172	3
204	297	5
204	216	4
204	482	4
204	45	5
204	336	1
204	340	5
204	1	2
204	748	1
204	1022	5
204	286	3
204	292	5
204	310	1
204	191	4
204	259	2
204	315	4
204	245	3
206	1430	1
206	889	2
206	333	4
206	362	1
206	294	2
206	903	2
206	245	1
206	323	1
206	1394	1
206	302	5
206	288	5
206	750	3
206	904	1
206	260	3
206	678	1
206	258	4
206	900	1
206	896	4
206	873	3
206	1127	4
207	554	2
207	58	3
207	1436	3
207	25	4
207	318	5
207	65	3
207	258	4
207	1115	2
207	845	3
207	716	3
207	1350	2
207	1046	4
207	476	2
207	4	4
207	192	3
207	591	3
207	87	4
207	68	2
207	13	3
207	107	3
209	349	2
209	1	5
209	50	5
209	301	3
209	766	4
209	351	2
209	269	2
209	321	4
209	304	2
209	286	2
209	251	5
209	1105	2
209	333	2
209	258	2
209	1137	4
209	898	3
209	906	2
209	408	4
209	242	4
209	688	1
211	357	2
211	1127	1
211	687	2
211	181	1
211	263	3
211	520	4
211	300	2
211	257	5
211	228	3
211	457	4
211	303	3
211	69	3
211	526	4
211	286	4
211	455	3
211	678	3
211	9	3
211	876	2
211	127	4
211	310	3
212	527	5
212	268	5
212	180	1
212	246	5
212	511	4
212	382	5
212	528	5
212	515	4
212	191	3
212	645	3
212	197	5
212	427	4
212	423	4
212	179	1
212	199	5
212	86	4
212	269	3
212	735	4
212	127	2
212	286	4
214	121	4
214	275	3
214	179	5
214	117	4
214	652	4
214	1065	5
214	208	5
214	302	4
214	693	3
214	213	4
214	334	3
214	137	4
214	1129	4
214	872	2
214	478	4
214	131	3
214	42	5
214	151	5
214	79	4
214	568	4
215	151	5
215	211	4
215	212	2
215	423	5
215	82	3
215	11	2
215	22	3
215	205	3
215	194	4
215	239	3
215	474	4
215	197	4
215	164	3
215	421	4
215	64	4
215	157	4
215	144	4
215	1039	5
215	450	2
215	89	4
219	215	5
219	879	4
219	132	5
219	13	1
219	568	1
219	82	1
219	71	1
219	616	5
219	935	3
219	179	5
219	347	1
219	546	4
219	1014	3
219	382	5
219	269	5
219	258	5
219	303	4
219	855	5
219	114	5
219	882	3
223	237	5
223	470	4
223	11	3
223	258	1
223	274	4
223	322	4
223	328	3
223	596	3
223	763	3
223	423	3
223	323	2
223	1	4
223	318	4
223	845	4
223	411	1
223	8	2
223	908	1
223	1150	2
223	977	2
223	969	5
224	215	4
224	191	4
224	26	3
224	583	1
224	1208	1
224	20	1
224	245	3
224	29	3
224	69	4
224	708	2
224	332	3
224	77	4
224	949	3
224	178	4
224	528	3
224	678	3
224	658	1
224	873	2
224	43	3
224	149	1
225	418	5
225	480	5
225	143	2
225	64	4
225	1203	5
225	172	5
225	237	5
225	215	5
225	427	5
225	193	4
225	566	4
225	1443	4
225	604	5
225	705	5
225	286	4
225	136	5
225	606	5
225	492	4
225	245	2
225	22	5
228	98	3
228	690	5
228	812	5
228	650	3
228	87	1
228	137	1
228	427	4
228	886	1
228	288	4
228	750	3
228	327	1
228	286	5
228	275	3
228	651	4
228	204	3
228	313	5
228	938	1
228	475	3
228	655	4
228	272	5
229	315	1
229	260	1
229	750	2
229	302	5
229	358	1
229	311	5
229	748	3
229	258	2
229	328	1
229	312	3
229	272	3
229	269	4
229	875	1
229	300	2
229	349	4
229	245	3
229	313	2
229	286	4
229	340	4
229	347	1
230	742	5
230	138	3
230	142	4
230	202	4
230	673	3
230	511	2
230	402	5
230	378	5
230	304	5
230	238	1
230	1444	2
230	419	4
230	680	4
230	234	4
230	196	5
230	172	4
230	50	5
230	963	5
230	210	5
230	393	3
235	511	5
235	1149	4
235	70	5
235	647	4
235	85	4
235	100	4
235	435	5
235	648	4
235	275	5
235	1464	4
235	898	3
235	480	4
235	319	4
235	433	4
235	684	4
235	185	4
235	792	4
235	87	4
235	230	4
235	419	5
236	506	5
236	187	3
236	200	3
236	170	5
236	696	2
236	729	5
236	632	3
236	289	4
236	134	4
236	265	2
236	71	3
236	686	3
236	172	3
236	1328	4
236	313	4
236	286	5
236	57	5
236	143	4
236	507	3
236	699	4
238	300	4
238	121	4
238	111	4
238	220	3
238	756	3
238	815	2
238	458	4
238	476	3
238	546	3
238	298	5
238	926	3
238	845	3
238	471	4
238	125	3
238	252	3
238	1190	3
238	258	3
238	286	5
238	181	3
238	118	3
240	751	3
240	289	4
240	269	5
240	340	4
240	343	3
240	353	1
240	358	2
240	242	5
240	349	1
240	879	3
240	272	5
240	307	4
240	898	5
240	245	4
240	313	5
240	300	3
240	301	5
240	288	5
240	336	3
240	873	2
241	335	3
241	880	5
241	294	3
241	310	4
241	343	2
241	682	2
241	313	4
241	887	4
241	689	3
241	270	3
241	302	3
241	350	2
241	750	5
241	690	2
241	332	3
241	307	4
241	346	3
241	268	4
241	292	4
241	288	5
244	51	2
244	550	1
244	154	5
244	186	3
244	662	3
244	265	4
244	183	4
244	381	4
244	53	3
244	707	4
244	815	4
244	310	3
244	148	2
244	89	5
244	673	3
244	409	4
244	172	4
244	17	2
244	756	2
244	790	4
247	28	5
247	259	3
247	300	2
247	269	4
247	257	4
247	751	3
247	736	5
247	1	4
247	272	4
247	271	2
247	151	4
247	50	5
247	121	4
247	111	5
247	1022	4
247	222	3
247	64	5
247	251	4
247	750	4
247	7	4
251	1014	5
251	258	3
251	148	2
251	12	4
251	50	5
251	222	4
251	257	3
251	748	2
251	172	5
251	121	4
251	55	3
251	612	5
251	144	5
251	237	5
251	183	5
251	109	4
251	100	4
251	132	5
251	265	3
251	520	5
253	216	4
253	183	5
253	566	4
253	647	3
253	198	5
253	127	5
253	747	3
253	210	4
253	510	5
253	465	5
253	294	4
253	188	4
253	50	4
253	746	3
253	259	2
253	203	4
253	483	5
253	97	4
253	568	4
253	237	4
256	280	5
256	487	5
256	443	3
256	939	5
256	761	4
256	765	4
256	86	5
256	849	2
256	692	5
256	220	3
256	1057	2
256	716	5
256	781	5
256	472	4
256	413	4
256	452	4
256	771	2
256	819	4
256	25	5
256	127	4
258	243	3
258	690	4
258	258	2
258	289	2
258	328	3
258	748	5
258	751	5
258	288	1
258	893	1
258	332	5
258	286	5
258	873	5
258	333	2
258	294	4
258	272	5
258	323	4
258	311	4
258	313	5
258	315	3
258	310	5
260	272	3
260	322	4
260	1025	5
260	362	5
260	326	5
260	333	4
260	300	3
260	990	5
260	288	3
260	319	2
260	882	5
260	538	1
260	1243	5
260	313	5
260	258	3
260	891	5
260	350	4
260	748	4
260	1105	5
260	682	4
261	304	3
261	342	3
261	259	4
261	125	5
261	117	4
261	339	5
261	597	4
261	322	4
261	301	4
261	892	5
261	988	3
261	410	5
261	294	4
261	359	5
261	687	5
261	340	5
261	1237	3
261	1025	5
261	748	3
261	875	5
262	11	4
262	509	3
262	386	3
262	28	3
262	47	2
262	121	3
262	174	3
262	223	3
262	617	3
262	96	4
262	293	2
262	553	4
262	754	3
262	786	3
262	568	3
262	931	2
262	1147	4
262	821	3
262	179	4
262	64	5
263	1451	4
263	117	3
263	176	5
263	921	3
263	523	5
263	568	4
263	514	3
263	97	4
263	419	5
263	86	4
263	96	4
263	333	2
263	272	5
263	521	3
263	510	4
263	197	4
263	183	4
263	892	3
263	678	2
263	416	5
264	448	2
264	320	4
264	70	4
264	208	5
264	504	5
264	1225	3
264	1270	2
264	813	4
264	524	3
264	200	5
264	516	5
264	558	5
264	1069	5
264	475	5
264	33	3
264	721	5
264	659	5
264	401	5
264	655	4
264	294	3
266	874	2
266	321	3
266	268	4
266	275	5
266	14	4
266	508	4
266	272	4
266	325	1
266	319	2
266	245	1
266	283	3
266	285	4
266	286	4
266	124	4
266	313	4
266	237	3
266	25	3
266	676	3
266	289	3
266	100	5
269	13	4
269	235	3
269	217	2
269	845	1
269	9	4
269	522	5
269	504	4
269	367	3
269	246	5
269	198	4
269	22	1
269	47	4
269	674	2
269	705	2
269	507	4
269	234	1
269	252	1
269	1165	1
269	127	4
269	658	2
270	781	5
270	736	5
270	70	5
270	306	5
270	778	5
270	387	5
270	159	4
270	148	4
270	97	4
270	370	5
270	671	4
270	327	5
270	83	4
270	452	4
270	53	4
270	466	5
270	230	3
270	558	5
270	98	5
270	25	5
273	328	3
273	311	4
273	313	3
273	321	4
273	304	3
273	315	4
273	305	4
273	316	4
273	347	4
273	268	5
273	690	4
273	303	4
273	902	5
273	286	3
273	272	4
273	340	3
273	319	4
273	900	3
273	307	2
273	345	3
274	275	5
274	50	5
274	243	2
274	25	5
274	405	4
274	742	4
274	845	5
274	748	5
274	476	4
274	546	3
274	288	4
274	815	3
274	277	4
274	148	2
274	411	3
274	496	5
274	208	4
274	255	2
274	478	5
274	83	5
275	98	4
275	523	4
275	265	4
275	176	4
275	69	3
275	258	3
275	1091	2
275	1066	3
275	501	3
275	186	3
275	191	4
275	183	3
275	520	4
275	252	2
275	173	3
275	405	2
275	588	3
275	418	3
275	449	3
275	597	3
276	142	3
276	78	4
276	417	4
276	64	5
276	1091	3
276	322	3
276	2	4
276	70	4
276	181	5
276	188	4
276	419	5
276	324	4
276	54	3
276	40	3
276	796	1
276	474	5
276	922	4
276	294	4
276	57	3
276	564	3
277	117	4
277	121	2
277	628	4
277	257	3
277	151	3
277	282	4
277	129	4
277	1197	4
277	9	4
277	405	3
277	591	4
277	273	5
277	279	4
277	255	4
277	15	4
277	748	3
277	302	4
277	286	5
277	24	4
277	1011	3
278	286	5
278	311	4
278	294	4
278	538	4
278	313	5
278	269	5
278	315	4
278	525	5
278	98	4
278	288	5
278	882	3
278	347	4
278	173	5
278	258	3
278	306	5
278	752	5
278	22	5
278	603	5
278	301	2
278	245	3
280	693	3
280	975	4
280	99	2
280	1	4
280	554	1
280	128	3
280	544	4
280	508	3
280	127	5
280	540	3
280	204	3
280	845	3
280	631	5
280	227	3
280	1049	2
280	472	2
280	1028	5
280	781	4
280	145	3
280	38	3
281	538	4
281	690	5
281	304	5
281	338	2
281	333	3
281	294	3
281	310	4
281	682	3
281	301	3
281	331	3
281	258	2
281	332	4
281	289	3
281	308	1
281	288	4
281	989	2
281	938	2
281	877	4
281	326	1
281	322	4
283	42	5
283	125	5
283	24	4
283	288	2
283	659	5
283	432	5
283	627	4
283	216	4
283	1114	5
283	210	5
283	407	3
283	238	5
283	588	4
283	186	5
283	83	4
283	70	4
283	709	5
283	845	4
283	455	4
283	50	5
284	344	4
284	304	4
284	328	4
284	346	4
284	322	3
284	906	3
284	340	4
284	339	3
284	269	4
284	300	3
284	301	5
284	305	4
284	887	4
284	682	3
284	259	2
284	332	3
284	313	3
284	324	3
284	258	4
284	286	4
292	11	5
292	525	5
292	276	5
292	1050	4
292	86	4
292	328	3
292	488	5
292	195	5
292	589	4
292	653	4
292	515	4
292	324	3
292	10	5
292	661	5
292	132	4
292	100	5
292	176	5
292	174	5
292	183	5
292	9	4
293	496	5
293	412	1
293	605	3
293	685	3
293	5	3
293	380	2
293	471	3
293	770	3
293	423	3
293	137	3
293	1267	3
293	135	5
293	249	3
293	708	3
293	79	3
293	166	3
293	748	2
293	39	3
293	325	2
293	132	4
294	931	3
294	1245	3
294	979	3
294	10	3
294	282	3
294	676	3
294	930	3
294	120	2
294	127	5
294	222	4
294	483	4
294	539	4
294	109	4
294	1199	2
294	876	3
294	1067	4
294	678	2
294	271	5
294	508	4
294	288	5
295	72	4
295	172	4
295	704	5
295	73	4
295	235	4
295	47	5
295	67	4
295	194	4
295	190	4
295	4	4
295	739	4
295	483	5
295	39	4
295	173	5
295	722	4
295	151	4
295	727	5
295	405	5
295	961	5
295	218	5
296	228	4
296	544	4
296	508	5
296	48	5
296	429	5
296	32	4
296	510	5
296	272	5
296	961	5
296	705	5
296	222	5
296	855	5
296	258	5
296	248	5
296	286	5
296	20	5
296	242	4
296	427	5
296	275	4
296	83	5
297	716	3
297	588	4
297	234	3
297	182	3
297	198	3
297	286	5
297	25	4
297	736	4
297	1016	3
297	275	5
297	233	2
297	307	4
297	218	3
297	73	2
297	133	4
297	89	4
297	216	4
297	432	4
297	628	4
297	57	5
300	100	3
300	881	5
300	243	4
300	872	5
300	300	4
300	264	1
300	328	3
300	288	4
300	257	4
300	948	4
300	687	2
300	1012	4
300	456	4
300	322	4
300	1094	5
300	876	5
300	409	4
300	833	4
300	261	3
300	294	3
303	1160	2
303	404	4
303	693	4
303	411	4
303	785	3
303	200	4
303	919	4
303	393	4
303	252	3
303	426	3
303	134	5
303	815	3
303	418	4
303	69	5
303	68	4
303	161	5
303	779	1
303	842	2
303	397	1
303	1098	4
304	322	4
304	310	3
304	237	5
304	893	3
304	275	4
304	300	5
304	895	3
304	288	3
304	286	1
304	682	3
304	259	1
304	278	4
304	742	3
304	294	4
304	343	3
304	313	5
304	328	3
304	271	4
304	298	5
304	681	2
305	71	3
305	61	4
305	654	4
305	483	5
305	960	1
305	214	2
305	529	5
305	189	5
305	923	5
305	50	5
305	512	4
305	186	4
305	451	3
305	427	5
305	11	1
305	187	4
305	425	4
305	79	3
305	471	4
305	117	2
306	476	3
306	864	3
306	269	5
306	13	4
306	306	5
306	744	4
306	116	5
306	235	4
306	1009	4
306	275	4
306	111	4
306	756	3
306	150	5
306	14	5
306	287	4
306	25	3
306	242	5
306	100	4
306	321	3
306	319	4
309	1296	2
309	1393	2
309	989	3
309	258	5
309	690	3
309	300	3
309	331	5
309	334	4
309	879	4
309	319	4
309	938	4
309	304	3
309	303	2
309	324	3
309	326	5
309	286	4
309	306	2
309	1025	5
309	333	3
309	242	4
311	385	5
311	143	3
311	28	5
311	180	4
311	9	4
311	98	5
311	1222	3
311	559	2
311	386	3
311	419	3
311	5	3
311	432	4
311	566	4
311	849	3
311	172	5
311	179	2
311	83	5
311	203	5
311	654	3
311	716	4
313	745	3
313	99	4
313	22	3
313	96	5
313	488	5
313	478	3
313	265	4
313	200	3
313	245	3
313	117	4
313	616	5
313	31	4
313	148	2
313	436	4
313	65	2
313	175	4
313	191	5
313	566	4
313	673	4
313	71	4
314	1095	3
314	791	4
314	1289	2
314	417	4
314	1518	4
314	1218	4
314	535	4
314	743	1
314	95	5
314	73	4
314	929	3
314	28	5
314	833	4
314	9	4
314	692	5
314	90	2
314	1150	4
314	1139	5
314	276	1
314	1263	2
316	292	4
316	265	3
316	735	4
316	64	4
316	1084	4
316	98	5
316	283	5
316	483	4
316	357	4
316	588	1
316	289	2
316	197	4
316	19	5
316	71	1
316	50	1
316	549	5
316	614	2
316	190	5
316	306	4
316	213	5
317	678	2
317	322	3
317	323	2
317	331	4
317	313	4
317	354	4
317	300	4
317	350	5
317	748	5
317	264	4
317	299	4
317	288	4
317	328	4
317	326	3
317	879	3
317	351	3
317	271	3
317	245	4
317	355	4
317	268	3
318	286	3
318	47	2
318	476	4
318	768	2
318	204	5
318	64	4
318	508	4
318	1014	2
318	648	5
318	659	4
318	72	4
318	610	5
318	660	3
318	631	4
318	50	2
318	356	4
318	257	5
318	795	2
318	357	4
318	474	4
321	483	5
321	523	3
321	131	4
321	1028	2
321	631	4
321	615	5
321	494	4
321	134	3
321	224	3
321	521	2
321	194	3
321	30	4
321	507	3
321	1194	5
321	485	4
321	287	3
321	709	4
321	180	4
321	207	3
321	496	4
324	332	3
324	754	5
324	300	5
324	258	4
324	597	4
324	283	3
324	1094	5
324	877	1
324	288	5
324	322	4
324	748	5
324	471	5
324	123	4
324	872	5
324	255	4
324	9	5
324	1033	4
324	307	5
324	298	5
324	127	4
330	235	5
330	215	5
330	50	5
330	584	3
330	121	4
330	596	5
330	447	4
330	181	5
330	204	5
330	51	5
330	136	5
330	575	4
330	8	5
330	11	4
330	213	5
330	38	4
330	603	5
330	823	3
330	465	5
330	44	5
334	1207	2
334	1008	4
334	52	4
334	603	5
334	222	4
334	317	3
334	282	4
334	117	3
334	229	2
334	224	2
334	4	3
334	1108	4
334	1163	4
334	481	5
334	100	5
334	269	3
334	86	4
334	293	3
334	93	4
334	635	2
338	79	4
338	663	5
338	204	3
338	613	3
338	168	3
338	133	4
338	194	3
338	511	4
338	462	4
338	310	3
338	134	5
338	56	3
338	484	5
338	408	5
338	294	1
338	945	4
338	494	3
338	604	4
338	486	3
338	211	4
341	294	3
341	288	4
341	299	5
341	259	3
341	682	3
341	880	5
341	335	4
341	872	4
341	330	5
341	895	4
341	948	3
341	1025	5
341	876	4
341	877	3
341	887	5
341	358	1
341	1280	2
341	292	5
341	1527	4
341	908	3
342	237	4
342	175	5
342	591	3
342	974	2
342	1007	4
342	288	5
342	607	3
342	1071	4
342	544	1
342	1368	5
342	1047	2
342	792	3
342	746	4
342	427	4
342	723	3
342	764	1
342	25	2
342	132	5
342	156	4
342	518	3
343	371	2
343	569	3
343	82	5
343	1107	3
343	186	4
343	275	5
343	474	5
343	55	3
343	76	4
343	375	2
343	20	5
343	187	4
343	12	5
343	47	4
343	423	5
343	44	3
343	655	5
343	712	4
343	823	3
343	135	5
344	204	4
344	175	5
344	716	3
344	479	4
344	619	4
344	119	5
344	508	4
344	537	4
344	306	5
344	278	3
344	39	3
344	462	2
344	215	3
344	196	4
344	477	3
344	283	4
344	97	3
344	181	3
344	1283	2
344	597	2
345	1315	3
345	151	5
345	651	4
345	202	3
345	473	2
345	1082	2
345	88	4
345	48	5
345	173	5
345	285	5
345	1160	3
345	919	2
345	402	4
345	508	4
345	722	3
345	708	3
345	956	4
345	174	4
345	121	3
345	367	4
348	975	4
348	147	5
348	405	4
348	240	3
348	411	4
348	472	4
348	15	4
348	276	3
348	1	4
348	473	3
348	288	5
348	742	4
348	628	4
348	245	4
348	294	4
348	370	4
348	834	4
348	819	4
348	928	5
348	406	4
349	20	5
349	121	2
349	15	4
349	847	4
349	823	4
349	412	1
349	596	2
349	475	4
349	288	3
349	744	2
349	10	5
349	9	4
349	237	2
349	411	4
349	1117	3
349	455	2
349	120	3
349	105	2
349	544	4
349	370	2
352	181	4
352	89	5
352	50	5
352	657	4
352	182	5
352	7	3
352	183	5
352	55	1
352	746	4
352	96	4
352	172	5
352	195	4
352	692	3
352	100	4
352	173	1
352	568	5
352	216	4
352	4	3
352	273	2
352	234	4
354	257	3
354	657	4
354	480	4
354	191	4
354	463	4
354	847	3
354	269	4
354	694	5
354	297	4
354	133	3
354	508	3
354	242	5
354	631	4
354	716	3
354	208	4
354	175	5
354	86	5
354	882	4
354	268	4
354	462	3
355	329	3
355	324	4
355	1392	4
355	882	4
355	336	4
355	286	5
355	328	4
355	358	4
355	872	4
355	260	4
355	288	5
355	360	4
355	681	4
355	242	4
355	300	4
355	310	4
355	307	4
355	264	4
355	306	4
355	271	3
356	310	3
356	331	3
356	748	4
356	286	3
356	892	1
356	937	2
356	1294	4
356	292	3
356	307	4
356	347	4
356	316	4
356	689	5
356	326	4
356	333	5
356	312	3
356	300	3
356	328	4
356	272	5
356	313	5
356	315	4
358	896	4
358	558	4
358	511	2
358	643	3
358	666	3
358	529	3
358	132	5
358	863	5
358	268	3
358	584	4
358	59	4
358	469	4
358	382	2
358	482	2
358	1529	3
358	918	1
358	318	5
358	357	4
358	213	5
358	127	1
360	194	3
360	242	4
360	334	4
360	283	4
360	79	4
360	238	4
360	116	3
360	14	5
360	303	3
360	134	5
360	302	4
360	237	4
360	28	4
360	588	3
360	195	3
360	309	2
360	735	5
360	511	5
360	663	4
360	197	5
362	313	4
362	288	4
362	748	1
362	323	2
362	300	5
362	336	2
362	689	5
362	258	4
362	1025	2
362	302	5
362	328	2
362	322	3
362	350	5
362	312	5
362	294	3
362	264	1
362	333	5
362	268	2
362	245	4
362	332	5
363	55	5
363	97	2
363	336	4
363	1007	5
363	288	4
363	616	3
363	102	4
363	1495	5
363	316	3
363	189	5
363	183	4
363	182	1
363	1267	2
363	391	2
363	1168	2
363	906	2
363	433	4
363	673	2
363	405	4
363	71	3
365	301	5
365	1048	3
365	15	3
365	150	5
365	742	3
365	1017	4
365	948	1
365	321	5
365	287	4
365	289	3
365	894	1
365	109	2
365	124	4
365	25	4
365	258	4
365	813	5
365	908	3
365	13	3
365	275	4
365	7	2
366	573	5
366	447	5
366	184	4
366	98	5
366	218	3
366	559	5
366	7	2
366	448	5
366	853	5
366	56	5
366	672	5
366	443	5
366	164	5
366	854	5
366	860	2
366	185	5
366	436	5
366	445	5
366	219	5
366	413	4
369	890	3
369	948	2
369	358	3
369	900	4
369	50	5
369	752	4
369	988	3
369	172	5
369	168	3
369	346	4
369	316	5
369	166	4
369	271	5
369	181	5
369	919	5
369	751	4
369	243	3
369	114	5
369	268	5
369	179	4
372	574	4
372	874	4
372	448	4
372	547	5
372	561	5
372	219	5
372	1083	3
372	649	3
372	77	5
372	322	3
372	183	5
372	148	5
372	581	5
372	200	5
372	441	4
372	635	5
372	327	5
372	159	5
372	325	4
372	672	5
373	724	5
373	598	3
373	694	5
373	139	3
373	154	5
373	81	2
373	849	3
373	25	4
373	420	4
373	588	3
373	1135	3
373	399	3
373	290	5
373	151	4
373	241	5
373	89	5
373	427	4
373	2	4
373	230	4
373	707	4
374	231	2
374	173	3
374	476	2
374	129	5
374	591	4
374	162	2
374	111	2
374	200	5
374	356	3
374	685	4
374	126	3
374	427	3
374	977	1
374	125	5
374	454	4
374	1028	1
374	1047	3
374	122	2
374	292	4
374	581	4
376	275	5
376	111	4
376	663	3
376	197	4
376	269	5
376	181	4
376	274	3
376	237	3
376	289	3
376	11	4
376	707	4
376	762	4
376	268	3
376	514	4
376	223	4
376	198	5
376	98	5
376	427	4
376	14	4
376	246	3
381	694	4
381	281	2
381	212	5
381	216	5
381	724	3
381	652	5
381	50	5
381	403	3
381	1439	3
381	582	5
381	771	2
381	129	4
381	13	4
381	647	4
381	378	4
381	191	5
381	634	3
381	1533	4
381	914	1
381	495	4
389	656	5
389	955	4
389	109	3
389	613	5
389	607	3
389	845	4
389	249	3
389	176	4
389	1119	3
389	204	4
389	715	3
389	160	4
389	429	4
389	28	4
389	507	5
389	550	3
389	38	2
389	1530	2
389	124	4
389	111	3
390	304	5
390	328	4
390	990	4
390	740	4
390	515	4
390	100	5
390	989	5
390	124	4
390	126	5
390	319	5
390	277	2
390	181	4
390	275	5
390	331	2
390	1	5
390	742	4
390	713	4
390	302	5
390	283	4
390	289	3
393	1034	2
393	940	2
393	633	2
393	1048	3
393	88	3
393	15	3
393	539	3
393	1285	3
393	932	3
393	318	3
393	683	4
393	252	3
393	126	4
393	763	5
393	402	3
393	471	4
393	1219	4
393	1206	3
393	128	3
393	681	3
400	328	3
400	690	3
400	895	4
400	748	2
400	749	4
400	269	4
400	294	3
400	321	4
400	323	4
400	301	4
400	259	3
400	286	4
400	306	3
400	304	4
400	300	4
400	332	2
400	258	5
400	288	4
400	689	3
400	307	3
401	519	4
401	199	3
401	284	3
401	210	4
401	322	2
401	137	3
401	273	2
401	117	3
401	638	4
401	499	3
401	111	4
401	486	4
401	204	5
401	462	4
401	866	3
401	135	1
401	609	3
401	26	3
401	173	3
401	527	4
404	243	3
404	258	4
404	687	3
404	259	5
404	327	2
404	739	4
404	333	2
404	348	3
404	328	4
404	678	4
404	289	1
404	343	1
404	294	4
404	892	2
404	748	4
404	313	5
404	331	3
404	342	3
404	269	4
404	1238	3
405	171	1
405	580	1
405	592	1
405	1409	1
405	465	1
405	953	3
405	210	5
405	994	1
405	1177	1
405	521	4
405	56	4
405	721	1
405	1582	1
405	190	2
405	570	1
405	692	5
405	1432	1
405	387	1
405	524	1
405	1503	1
406	469	4
406	463	5
406	645	5
406	429	4
406	488	4
406	651	3
406	14	4
406	58	4
406	239	3
406	823	3
406	962	4
406	605	5
406	496	4
406	479	4
406	318	5
406	85	2
406	48	5
406	1126	3
406	156	5
406	664	2
409	497	3
409	201	1
409	288	1
409	48	2
409	65	4
409	197	3
409	214	4
409	520	2
409	99	3
409	59	5
409	659	5
409	6	4
409	516	4
409	1176	4
409	199	4
409	1295	1
409	200	2
409	1242	2
409	50	5
409	223	4
410	898	3
410	286	4
410	873	4
410	289	1
410	538	3
410	748	2
410	312	2
410	269	5
410	315	4
410	340	2
410	886	2
410	316	4
410	882	3
410	754	3
410	313	5
410	258	2
410	328	3
410	347	1
410	300	3
410	311	3
413	260	1
413	301	3
413	9	4
413	326	3
413	257	4
413	306	4
413	302	2
413	284	4
413	245	2
413	628	4
413	222	4
413	7	3
413	271	4
413	297	5
413	255	3
413	275	5
413	124	5
413	250	3
413	181	5
413	236	4
416	125	5
416	56	5
416	874	1
416	250	4
416	226	4
416	348	3
416	1188	3
416	210	5
416	43	1
416	356	5
416	1147	4
416	234	5
416	724	4
416	1035	3
416	761	4
416	578	4
416	69	4
416	277	5
416	1098	3
416	272	5
417	578	3
417	135	3
417	147	4
417	658	2
417	597	3
417	781	3
417	1095	3
417	3	4
417	710	4
417	551	3
417	1044	3
417	196	5
417	67	4
417	83	5
417	120	2
417	423	4
417	159	4
417	552	2
417	42	4
417	12	4
418	304	4
418	315	2
418	899	5
418	362	1
418	750	2
418	300	3
418	313	3
418	302	2
418	269	5
418	301	2
418	328	1
418	288	5
418	346	2
418	258	5
418	331	3
418	344	1
418	895	4
418	333	5
418	1313	2
418	327	1
421	516	5
421	657	4
421	914	3
421	174	5
421	89	5
421	915	4
421	302	4
421	474	4
421	176	5
421	517	2
421	7	3
421	194	4
421	238	5
421	156	5
421	200	3
421	466	4
421	124	4
421	443	5
421	182	5
421	11	2
422	922	4
422	100	4
422	358	2
422	126	4
422	1	3
422	258	4
422	559	3
422	184	4
422	671	4
422	919	5
422	276	5
422	379	2
422	325	2
422	477	4
422	926	2
422	1017	4
422	109	2
422	200	5
422	273	5
422	854	4
424	25	4
424	9	5
424	323	5
424	1346	4
424	243	4
424	294	5
424	261	3
424	275	5
424	427	4
424	289	5
424	14	4
424	989	2
424	127	4
424	683	3
424	310	3
424	172	3
424	333	5
424	538	5
424	288	1
424	689	1
426	429	5
426	182	2
426	430	3
426	848	4
426	606	5
426	526	4
426	651	4
426	614	4
426	1116	4
426	504	4
426	603	5
426	428	2
426	608	4
426	480	5
426	199	5
426	211	4
426	633	4
426	493	4
426	486	3
426	527	3
427	688	5
427	1265	5
427	302	4
427	303	5
427	292	2
427	359	5
427	263	5
427	300	4
427	681	5
427	874	5
427	319	3
427	938	5
427	990	5
427	245	5
427	989	5
427	680	5
427	341	5
427	1296	5
427	682	5
427	937	5
434	147	3
434	125	5
434	763	5
434	9	1
434	844	3
434	121	4
434	756	2
434	148	3
434	546	5
434	220	5
434	369	4
434	1051	3
434	275	3
434	815	4
434	237	5
434	406	3
434	833	4
434	1095	5
434	1152	5
434	1060	3
435	693	3
435	217	4
435	1217	3
435	299	4
435	240	3
435	443	3
435	386	4
435	431	3
435	252	2
435	1034	2
435	746	4
435	462	5
435	115	4
435	780	2
435	380	3
435	652	4
435	141	2
435	1028	2
435	756	3
435	234	4
436	132	1
436	1522	2
436	454	4
436	845	5
436	226	4
436	742	5
436	157	5
436	238	3
436	73	4
436	411	4
436	174	3
436	161	4
436	66	5
436	546	3
436	133	3
436	658	5
436	787	5
436	1206	3
436	503	4
436	433	5
437	14	5
437	584	3
437	665	2
437	239	4
437	1262	3
437	419	5
437	418	3
437	190	3
437	755	3
437	197	5
437	1121	5
437	1113	4
437	86	4
437	640	1
437	451	5
437	655	4
437	165	4
437	173	4
437	708	4
437	1404	2
438	280	5
438	255	4
438	866	5
438	100	4
438	845	4
438	1028	2
438	9	4
438	237	5
438	471	4
438	50	5
438	220	4
438	121	5
438	15	4
438	321	5
438	245	5
438	269	4
438	181	4
438	118	4
438	286	2
438	476	5
439	242	5
439	282	3
439	125	3
439	246	4
439	405	4
439	257	4
439	285	5
439	240	3
439	93	4
439	273	2
439	288	3
439	7	4
439	475	3
439	14	5
439	147	4
439	300	4
439	1048	4
439	13	3
439	237	5
439	895	3
442	636	5
442	14	1
442	129	4
442	591	3
442	39	3
442	401	2
442	452	3
442	559	2
442	578	2
442	554	2
442	41	4
442	29	3
442	54	3
442	98	4
442	385	3
442	38	3
442	31	3
442	182	4
442	229	3
442	572	3
444	275	4
444	912	4
444	50	5
444	906	4
444	916	3
444	271	3
444	328	5
444	306	5
444	678	3
444	258	3
444	313	4
444	100	5
444	245	4
444	748	1
444	251	5
444	1483	2
444	300	4
444	515	4
444	9	5
444	751	4
447	544	4
447	9	2
447	100	5
447	760	4
447	234	4
447	69	4
447	1034	2
447	68	5
447	148	4
447	879	3
447	70	3
447	121	5
447	91	4
447	206	4
447	218	4
447	823	3
447	252	3
447	288	4
447	300	4
447	180	5
449	381	4
449	971	4
449	1009	4
449	276	5
449	286	4
449	127	5
449	291	2
449	137	5
449	546	2
449	282	3
449	1006	4
449	170	4
449	171	4
449	117	3
449	1318	2
449	293	4
449	224	4
449	1194	4
449	122	1
449	212	5
450	144	5
450	739	4
450	384	3
450	179	5
450	462	4
450	162	5
450	142	5
450	216	5
450	801	4
450	58	3
450	100	4
450	1147	4
450	783	3
450	470	5
450	785	3
450	38	4
450	1269	4
450	1160	5
450	252	3
450	659	5
451	882	1
451	322	4
451	683	1
451	264	3
451	360	3
451	1392	1
451	260	5
451	872	2
451	875	2
451	300	4
451	457	2
451	984	4
451	331	5
451	262	1
451	319	2
451	294	5
451	323	4
451	243	4
451	289	1
451	269	2
452	435	3
452	736	3
452	276	1
452	134	3
452	121	5
452	523	2
452	186	1
452	25	2
452	502	2
452	27	5
452	191	5
452	641	3
452	61	1
452	69	5
452	152	2
452	201	1
452	1109	2
452	506	3
452	495	4
452	89	5
453	231	2
453	98	4
453	356	2
453	154	3
453	248	4
453	7	5
453	568	3
453	125	3
453	33	4
453	697	4
453	412	2
453	42	5
453	246	5
453	566	3
453	188	4
453	73	4
453	1032	1
453	456	3
453	421	4
453	1157	2
454	161	4
454	484	3
454	1299	2
454	705	3
454	315	4
454	181	3
454	310	4
454	487	4
454	51	2
454	174	4
454	418	3
454	164	3
454	182	3
454	479	4
454	633	2
454	286	3
454	1063	4
454	87	4
454	144	4
454	493	2
457	527	5
457	1030	2
457	758	2
457	243	2
457	775	3
457	443	4
457	704	4
457	825	5
457	636	4
457	58	4
457	385	4
457	156	5
457	708	4
457	720	3
457	366	4
457	182	4
457	164	4
457	500	5
457	285	5
457	192	5
460	20	4
460	10	3
460	275	3
460	322	3
460	327	4
460	744	3
460	146	4
460	532	3
460	286	4
460	14	5
460	301	3
460	257	2
460	289	4
460	311	5
460	129	3
460	149	4
460	713	4
460	297	3
460	302	4
460	1115	3
461	258	4
461	302	3
461	319	3
461	9	5
461	682	1
461	121	2
461	304	4
461	294	3
461	50	3
461	242	3
461	321	3
461	259	2
461	269	3
461	347	4
461	1006	5
461	313	4
461	575	2
461	158	2
461	255	2
461	285	4
462	321	5
462	271	1
462	272	5
462	358	1
462	11	5
462	259	3
462	332	5
462	323	2
462	313	5
462	678	3
462	292	5
462	315	4
462	682	5
462	310	5
462	237	5
462	300	5
462	289	5
462	895	4
462	22	5
462	288	5
463	285	4
463	864	3
463	103	1
463	250	4
463	410	1
463	21	1
463	311	4
463	10	1
463	100	4
463	593	1
463	242	2
463	24	3
463	306	4
463	347	1
463	225	3
463	950	3
463	3	2
463	930	1
463	455	3
463	1132	1
470	824	4
470	952	3
470	813	3
470	285	3
470	246	2
470	288	4
470	919	3
470	294	3
470	950	3
470	546	4
470	544	3
470	295	3
470	19	4
470	1097	3
470	93	4
470	475	4
470	268	2
470	221	4
470	293	4
470	137	3
472	756	4
472	931	2
472	977	3
472	449	5
472	168	5
472	401	4
472	689	4
472	826	3
472	625	4
472	940	4
472	1210	3
472	232	4
472	258	5
472	11	5
472	233	4
472	250	5
472	1011	4
472	118	4
472	193	5
472	877	3
473	276	4
473	321	2
473	1129	4
473	293	4
473	1142	5
473	25	4
473	257	4
473	327	3
473	256	4
473	7	2
473	137	4
473	116	5
473	275	5
473	273	5
473	10	3
473	547	3
473	268	5
473	813	3
473	319	3
473	508	2
474	484	5
474	735	4
474	410	2
474	480	5
474	68	3
474	736	3
474	176	5
474	602	3
474	8	5
474	317	4
474	661	4
474	134	4
474	52	4
474	1028	1
474	100	5
474	180	5
474	518	4
474	528	5
474	1014	3
474	474	5
475	70	4
475	381	4
475	315	4
475	902	5
475	306	5
475	313	2
475	100	5
475	327	4
475	258	1
475	347	4
475	316	5
475	302	3
475	269	4
475	259	5
475	127	4
475	303	1
475	50	5
475	354	2
475	286	2
475	539	3
477	815	5
477	280	4
477	369	4
477	731	4
477	88	5
477	724	4
477	282	4
477	709	5
477	732	4
477	553	5
477	36	4
477	25	5
477	289	5
477	15	4
477	781	4
477	255	5
477	756	4
477	1041	5
477	778	4
477	1051	5
482	301	4
482	988	4
482	245	4
482	288	3
482	311	4
482	127	4
482	748	4
482	876	3
482	289	3
482	881	3
482	243	2
482	321	3
482	315	3
482	346	3
482	328	4
482	298	4
482	295	3
482	50	4
482	269	4
482	257	4
485	301	2
485	326	2
485	269	4
485	538	3
485	286	2
485	303	4
485	311	3
485	341	4
485	289	3
485	748	2
485	288	3
485	328	2
485	245	3
485	321	3
485	347	2
485	313	4
485	294	1
485	319	3
485	330	3
485	307	3
490	237	1
490	286	2
490	123	2
490	284	3
490	126	2
490	124	4
490	1	3
490	1128	4
490	257	3
490	993	1
490	9	4
490	596	1
490	15	1
490	764	1
490	333	3
490	298	3
490	273	1
490	515	3
490	258	2
490	277	3
491	657	5
491	273	5
491	900	5
491	696	3
491	285	5
491	129	4
491	19	4
491	258	4
491	100	5
491	237	3
491	286	4
491	1281	3
491	475	4
491	45	5
491	190	4
491	284	3
491	340	4
491	236	4
491	7	3
491	124	5
492	483	2
492	492	4
492	127	5
492	186	3
492	318	5
492	124	4
492	523	4
492	923	5
492	286	4
492	511	5
492	187	5
492	86	3
492	291	4
492	97	3
492	1021	3
492	212	3
492	185	3
492	83	4
492	64	4
492	69	3
493	886	2
493	100	5
493	11	3
493	925	3
493	82	5
493	156	1
493	879	4
493	222	3
493	411	1
493	284	4
493	69	5
493	61	4
493	751	5
493	96	4
493	121	5
493	252	4
493	210	5
493	762	4
493	423	2
493	431	5
494	322	2
494	199	4
494	183	5
494	9	2
494	237	4
494	194	4
494	126	4
494	191	4
494	50	5
494	507	4
494	1	3
494	107	4
494	427	5
494	174	5
494	289	1
494	100	5
494	924	4
494	748	1
494	15	5
494	64	5
496	154	2
496	64	3
496	38	2
496	727	5
496	183	2
496	921	5
496	42	5
496	156	3
496	746	3
496	1444	1
496	97	1
496	633	3
496	142	2
496	1133	3
496	1401	3
496	380	2
496	526	3
496	318	4
496	1074	2
496	132	3
497	566	3
497	943	4
497	840	3
497	1185	1
497	508	3
497	234	2
497	242	1
497	575	3
497	382	4
497	363	2
497	252	3
497	657	3
497	540	2
497	31	3
497	627	3
497	260	4
497	780	2
497	274	3
497	227	2
497	465	3
498	475	3
498	127	4
498	32	4
498	12	4
498	1426	3
498	474	4
498	191	4
498	258	2
498	538	1
498	176	2
498	197	5
498	302	3
498	192	5
498	187	4
498	54	2
498	522	3
498	228	2
498	489	3
498	1103	4
498	11	3
499	215	4
499	427	5
499	213	3
499	11	3
499	238	2
499	463	5
499	661	3
499	482	2
499	514	5
499	181	3
499	511	5
499	210	3
499	183	4
499	742	4
499	664	3
499	750	5
499	312	4
499	207	5
499	414	3
499	347	4
500	294	3
500	159	2
500	553	2
500	971	5
500	1047	3
500	836	5
500	469	4
500	739	2
500	665	3
500	164	4
500	781	3
500	133	3
500	1012	4
500	116	4
500	30	4
500	58	3
500	223	4
500	111	4
500	244	3
500	237	3
503	607	5
503	164	3
503	69	4
503	194	4
503	1316	1
503	900	5
503	402	3
503	181	5
503	659	5
503	137	5
503	182	3
503	385	1
503	54	2
503	88	4
503	127	5
503	281	3
503	153	2
503	514	3
503	313	5
503	173	5
504	1263	4
504	1437	2
504	414	5
504	417	3
504	199	4
504	197	4
504	581	4
504	72	4
504	370	3
504	678	4
504	755	4
504	546	4
504	179	1
504	807	4
504	163	4
504	118	3
504	194	3
504	402	4
504	66	4
504	215	4
505	99	4
505	591	4
505	468	4
505	195	3
505	66	4
505	623	3
505	187	1
505	989	1
505	705	3
505	140	4
505	748	1
505	422	3
505	245	4
505	713	3
505	651	3
505	498	5
505	193	3
505	271	4
505	54	3
505	566	3
507	405	5
507	1089	5
507	328	5
507	343	5
507	310	4
507	316	5
507	302	5
507	323	5
507	147	5
507	1034	5
507	689	5
507	338	5
507	300	5
507	117	3
507	826	5
507	892	5
507	271	5
507	682	5
507	827	5
507	245	5
508	172	5
508	568	4
508	109	3
508	209	5
508	69	3
508	88	3
508	436	4
508	144	3
508	238	4
508	735	4
508	218	2
508	188	4
508	223	4
508	115	3
508	239	2
508	195	3
508	13	4
508	502	4
508	73	3
508	150	5
509	300	3
509	319	2
509	754	1
509	301	2
509	302	5
509	50	5
509	345	1
509	687	1
509	751	3
509	260	2
509	289	2
509	680	1
509	307	2
509	326	4
509	879	1
509	310	1
509	603	4
509	258	4
509	332	2
509	288	5
515	307	4
515	362	4
515	682	4
515	750	2
515	344	2
515	322	3
515	328	2
515	329	2
515	302	3
515	292	3
515	315	4
515	288	4
515	310	3
515	258	4
515	271	4
515	323	3
515	690	2
515	893	1
515	313	4
515	243	3
516	204	4
516	199	3
516	902	5
516	194	4
516	660	5
516	310	4
516	523	3
516	212	4
516	357	3
516	181	4
516	250	4
516	191	4
516	431	3
516	169	5
516	628	4
516	515	4
516	214	3
516	50	5
516	286	5
516	474	5
518	458	3
518	291	3
518	7	3
518	547	3
518	25	5
518	717	5
518	934	3
518	124	3
518	1017	3
518	919	5
518	763	1
518	236	3
518	370	4
518	1028	3
518	685	5
518	123	2
518	1047	4
518	14	3
518	284	4
518	100	4
523	3	4
523	629	5
523	935	5
523	549	4
523	83	5
523	727	4
523	662	4
523	382	5
523	516	5
523	114	5
523	393	5
523	792	4
523	50	5
523	154	4
523	1009	5
523	153	4
523	166	4
523	1022	4
523	242	5
523	186	3
524	660	5
524	182	5
524	95	3
524	285	3
524	143	3
524	605	1
524	615	2
524	1268	3
524	198	4
524	650	2
524	66	3
524	234	4
524	942	4
524	603	3
524	89	5
524	1154	1
524	1560	4
524	1044	4
524	151	1
524	205	5
525	412	2
525	123	3
525	255	1
525	237	4
525	685	4
525	1	4
525	25	5
525	121	4
525	411	3
525	1012	3
525	252	3
525	595	2
525	281	3
525	111	4
525	276	5
525	332	4
525	829	2
525	1011	3
525	118	3
525	300	4
528	657	5
528	181	5
528	393	2
528	82	4
528	748	3
528	193	4
528	523	4
528	423	1
528	751	4
528	485	2
528	239	5
528	310	3
528	238	3
528	479	4
528	50	5
528	58	5
528	194	5
528	358	2
528	174	5
528	615	4
529	321	4
529	323	4
529	270	4
529	873	4
529	682	4
529	325	3
529	876	3
529	294	4
529	245	3
529	269	3
529	326	4
529	984	4
529	886	4
529	319	4
529	271	4
529	1038	4
529	340	1
529	331	4
529	310	4
529	292	4
531	358	1
531	457	1
531	990	5
531	288	1
531	751	4
531	890	1
531	905	4
531	327	3
531	690	5
531	289	3
531	332	4
531	245	4
531	688	1
531	338	1
531	312	5
531	286	5
531	895	2
531	302	5
531	323	5
531	748	4
532	412	2
532	769	2
532	655	5
532	58	4
532	70	4
532	692	5
532	348	4
532	746	5
532	216	5
532	96	5
532	333	4
532	399	3
532	345	4
532	132	5
532	301	4
532	369	3
532	1119	5
532	338	3
532	95	5
532	603	5
533	477	4
533	1177	1
533	252	4
533	651	4
533	245	3
533	288	2
533	103	3
533	526	2
533	328	4
533	274	4
533	450	5
533	50	5
533	475	1
533	949	4
533	673	3
533	322	4
533	275	4
533	595	2
533	724	4
533	582	3
535	286	2
535	8	4
535	662	3
535	836	5
535	285	4
535	1	3
535	506	5
535	515	3
535	519	3
535	182	3
535	171	3
535	454	3
535	165	4
535	923	4
535	1093	4
535	489	4
535	212	4
535	39	4
535	181	4
535	789	2
536	70	2
536	441	2
536	511	5
536	584	5
536	582	2
536	204	4
536	230	5
536	50	5
536	274	4
536	174	5
536	21	3
536	133	4
536	217	3
536	2	4
536	143	5
536	265	5
536	271	3
536	603	4
536	69	5
536	727	3
539	242	5
539	58	3
539	185	4
539	155	4
539	45	4
539	382	5
539	50	3
539	367	3
539	22	3
539	131	4
539	483	5
539	170	5
539	285	4
539	197	5
539	527	4
539	481	4
539	661	5
539	153	5
539	19	5
539	956	5
541	699	4
541	810	3
541	143	4
541	420	4
541	255	3
541	781	5
541	654	3
541	660	5
541	423	3
541	1	4
541	239	4
541	419	5
541	465	4
541	274	4
541	399	3
541	763	3
541	210	5
541	756	4
541	560	3
541	28	4
543	982	3
543	694	4
543	85	2
543	83	4
543	513	4
543	179	4
543	199	4
543	95	3
543	15	3
543	207	5
543	1262	2
543	176	4
543	135	5
543	175	3
543	79	4
543	1194	4
543	591	4
543	231	3
543	210	3
543	117	3
544	328	3
544	313	5
544	749	4
544	343	2
544	338	2
544	312	2
544	325	1
544	310	2
544	271	3
544	286	4
544	331	3
544	323	2
544	689	2
544	258	3
544	326	3
544	1280	3
544	288	2
544	332	3
544	259	1
544	750	3
547	340	4
547	328	4
547	302	5
547	303	3
547	313	5
547	319	4
547	315	4
547	301	3
547	333	4
547	258	4
547	347	4
547	294	1
547	332	3
547	338	2
547	312	4
547	354	4
547	289	3
547	311	2
547	345	5
547	316	5
548	690	3
548	760	3
548	147	5
548	657	5
548	477	1
548	311	3
548	1405	3
548	1051	4
548	264	4
548	255	4
548	458	3
548	273	5
548	636	4
548	248	4
548	276	3
548	118	5
548	235	3
548	887	4
548	322	4
548	1073	4
550	538	5
550	121	5
550	993	4
550	748	4
550	304	3
550	259	2
550	301	2
550	288	5
550	405	4
550	255	3
550	254	1
550	300	4
550	310	5
550	846	2
550	125	4
550	892	2
550	50	5
550	323	5
550	1620	4
550	328	5
555	249	4
555	117	4
555	168	4
555	147	4
555	236	5
555	489	5
555	302	3
555	285	5
555	326	4
555	357	4
555	1054	3
555	120	4
555	546	3
555	288	3
555	480	4
555	271	3
555	169	5
555	269	5
555	87	4
555	7	4
556	288	4
556	513	4
556	12	5
556	170	4
556	479	5
556	520	5
556	507	5
556	327	5
556	132	5
556	48	5
556	294	2
556	1065	4
556	134	5
556	496	5
556	192	5
556	481	5
556	64	5
556	603	5
556	187	5
556	325	2
557	294	3
557	872	5
557	58	4
557	343	4
557	8	5
557	327	3
557	150	3
557	166	4
557	262	2
557	271	4
557	1070	2
557	508	4
557	127	4
557	892	3
557	299	4
557	887	3
557	254	4
557	257	2
557	269	3
557	288	1
558	14	4
558	847	4
558	253	5
558	20	5
558	100	5
558	1068	2
558	9	4
558	116	5
558	124	4
558	15	3
558	283	3
558	936	5
558	744	4
558	275	4
558	285	5
558	269	4
558	137	4
558	508	5
558	19	5
558	286	4
560	25	3
560	319	4
560	258	5
560	281	3
560	235	2
560	478	4
560	1160	3
560	118	3
560	480	3
560	756	2
560	864	3
560	13	3
560	260	1
560	108	1
560	123	2
560	7	3
560	288	4
560	1	4
560	203	4
560	423	4
562	89	1
562	114	1
562	477	4
562	66	1
562	191	5
562	56	1
562	443	5
562	480	4
562	402	5
562	727	5
562	427	4
562	197	4
562	462	5
562	636	2
562	418	5
562	5	4
562	416	5
562	501	5
562	1039	4
562	720	4
563	412	2
563	181	4
563	678	2
563	233	4
563	210	4
563	70	4
563	692	5
563	153	4
563	118	4
563	1035	4
563	401	4
563	403	4
563	254	3
563	476	3
563	367	4
563	781	4
563	237	5
563	862	1
563	50	5
563	255	5
566	395	1
566	7	4
566	71	2
566	196	4
566	480	4
566	77	4
566	1232	2
566	1193	5
566	242	5
566	33	2
566	423	2
566	177	4
566	8	4
566	83	4
566	89	4
566	154	3
566	235	3
566	727	4
566	651	4
566	755	2
568	954	2
568	988	1
568	185	4
568	923	3
568	606	5
568	286	3
568	59	1
568	435	2
568	165	4
568	474	5
568	6	3
568	835	4
568	1050	4
568	525	3
568	269	4
568	194	3
568	1203	5
568	1005	1
568	491	2
568	475	4
570	303	5
570	690	3
570	243	1
570	289	1
570	288	2
570	305	5
570	302	4
570	358	2
570	748	3
570	286	4
570	301	3
570	886	2
570	321	1
570	245	1
570	268	3
570	271	4
570	324	2
570	258	3
570	879	2
570	326	1
571	191	4
571	69	2
571	462	4
571	964	4
571	604	3
571	181	4
571	357	4
571	1039	3
571	47	3
571	114	4
571	32	2
571	496	3
571	194	3
571	144	2
571	45	4
571	64	4
571	174	4
571	657	4
571	124	4
571	484	4
572	319	4
572	1171	3
572	1137	3
572	289	3
572	9	5
572	277	1
572	301	4
572	476	4
572	124	5
572	286	4
572	813	4
572	100	3
572	14	4
572	300	4
572	1010	2
572	13	4
572	924	1
572	222	2
572	121	2
572	284	3
573	713	4
573	1012	2
573	275	4
573	211	5
573	162	4
573	661	4
573	194	4
573	127	4
573	492	4
573	192	4
573	176	3
573	185	3
573	478	4
573	143	2
573	69	4
573	480	4
573	205	3
573	632	4
573	183	3
573	427	4
577	117	4
577	720	4
577	284	4
577	229	4
577	443	4
577	380	3
577	186	4
577	204	4
577	662	4
577	996	3
577	15	3
577	684	4
577	393	4
577	471	3
577	1291	3
577	218	3
577	110	4
577	95	5
577	188	3
577	38	2
580	455	4
580	252	5
580	294	4
580	546	1
580	289	5
580	148	4
580	181	5
580	7	3
580	250	5
580	471	3
580	825	4
580	100	3
580	300	3
580	123	4
580	281	2
580	358	4
580	687	3
580	405	2
580	1028	3
580	329	3
581	283	2
581	813	5
581	100	5
581	224	4
581	515	4
581	475	4
581	181	3
581	285	5
581	847	3
581	276	3
581	222	3
581	9	5
581	253	5
581	269	3
581	127	5
581	1375	5
581	221	2
581	50	4
581	275	3
581	919	5
582	288	3
582	258	4
582	948	1
582	410	3
582	3	3
582	246	4
582	268	4
582	1215	4
582	181	4
582	760	3
582	93	5
582	50	5
582	826	3
582	250	3
582	750	5
582	124	4
582	222	4
582	7	5
582	237	3
582	121	3
584	450	2
584	40	4
584	229	3
584	161	4
584	82	3
584	109	4
584	228	5
584	258	4
584	227	4
584	423	4
584	431	3
584	25	3
584	313	5
584	172	4
584	114	4
584	222	4
584	230	4
584	449	2
584	165	1
584	249	4
585	1512	5
585	863	5
585	45	5
585	1488	4
585	1266	3
585	707	5
585	190	4
585	638	4
585	1524	3
585	166	4
585	582	3
585	113	3
585	730	3
585	224	2
585	463	5
585	639	4
585	1018	2
585	1347	2
585	212	5
585	116	3
586	148	3
586	756	1
586	39	4
586	559	5
586	203	3
586	219	3
586	176	3
586	281	3
586	628	3
586	568	3
586	1407	3
586	403	4
586	926	4
586	187	4
586	665	3
586	174	4
586	235	3
586	28	3
586	186	2
586	928	3
588	40	4
588	1047	3
588	71	4
588	73	3
588	143	5
588	207	2
588	783	4
588	365	5
588	204	5
588	144	3
588	227	3
588	99	5
588	258	4
588	432	4
588	260	2
588	31	3
588	25	4
588	721	5
588	347	5
588	423	3
591	367	3
591	204	4
591	72	3
591	56	4
591	88	3
591	921	4
591	934	3
591	740	4
591	286	4
591	191	5
591	514	4
591	1111	4
591	235	3
591	787	3
591	580	2
591	275	4
591	1099	5
591	1017	3
591	322	2
591	382	4
592	1623	4
592	1134	5
592	79	4
592	323	1
592	20	4
592	124	5
592	1009	3
592	50	5
592	742	4
592	433	5
592	336	1
592	324	4
592	969	4
592	988	1
592	418	4
592	204	5
592	297	5
592	202	5
592	1315	2
592	288	5
593	1035	3
593	211	4
593	216	5
593	66	5
593	402	4
593	245	3
593	392	3
593	70	5
593	79	4
593	172	4
593	501	2
593	633	5
593	597	2
593	655	3
593	65	3
593	210	2
593	196	5
593	609	3
593	5	4
593	234	2
597	328	4
597	250	4
597	15	5
597	1152	4
597	242	4
597	264	4
597	283	5
597	824	3
597	936	3
597	298	5
597	988	1
597	713	2
597	763	4
597	50	5
597	1534	1
597	293	5
597	295	3
597	300	5
597	235	4
597	225	4
598	748	4
598	750	5
598	22	5
598	286	5
598	308	4
598	258	5
598	269	3
598	323	4
598	898	4
598	690	3
598	313	5
598	895	2
598	343	2
598	347	3
598	292	4
598	312	5
598	691	2
598	350	4
598	751	3
598	349	4
599	595	5
599	111	5
599	471	4
599	815	3
599	535	4
599	237	5
599	319	2
599	873	5
599	1315	4
599	1095	4
599	975	5
599	934	3
599	508	3
599	928	4
599	756	5
599	120	3
599	988	4
599	1152	4
599	282	5
599	682	4
600	38	3
600	228	3
600	176	5
600	1231	2
600	265	3
600	226	4
600	435	5
600	27	3
600	92	3
600	1407	2
600	583	3
600	1228	2
600	2	3
600	229	3
600	1110	3
600	554	4
600	550	4
600	127	5
600	227	4
600	526	4
601	276	4
601	176	2
601	419	4
601	179	5
601	164	4
601	623	1
601	699	3
601	834	1
601	174	4
601	184	3
601	324	4
601	496	4
601	257	2
601	196	3
601	39	1
601	109	4
601	411	2
601	250	4
601	181	5
601	1073	2
602	127	5
602	181	5
602	343	2
602	678	4
602	871	3
602	125	4
602	257	4
602	1	4
602	988	4
602	121	4
602	748	3
602	457	3
602	237	4
602	50	5
602	538	4
602	895	3
602	304	4
602	358	4
602	9	4
602	148	4
603	172	5
603	173	4
603	748	5
603	1483	5
603	174	3
603	21	3
603	230	4
603	271	2
603	100	4
603	11	5
603	157	1
603	1240	5
603	931	2
603	229	4
603	385	4
603	181	5
603	429	5
603	380	4
603	923	4
603	183	4
605	127	5
605	174	3
605	137	5
605	1040	2
605	462	5
605	180	4
605	531	4
605	483	5
605	98	5
605	601	5
605	9	4
605	582	4
605	527	4
605	827	3
605	237	3
605	133	5
605	15	5
605	284	2
605	318	5
605	754	3
607	107	4
607	30	4
607	475	4
607	45	4
607	498	4
607	474	4
607	483	4
607	511	5
607	222	3
607	213	4
607	528	4
607	529	4
607	487	4
607	86	4
607	485	3
607	121	2
607	382	3
607	180	4
607	212	3
607	847	4
608	69	4
608	661	3
608	490	4
608	162	3
608	1115	4
608	9	4
608	65	5
608	789	3
608	265	3
608	419	4
608	609	5
608	150	3
608	1172	5
608	695	5
608	1113	3
608	97	3
608	1153	3
608	276	2
608	193	4
608	489	5
609	294	2
609	890	1
609	877	5
609	319	1
609	314	1
609	125	4
609	475	2
609	901	1
609	259	1
609	538	1
609	287	5
609	1012	1
609	304	5
609	258	3
609	288	2
609	908	1
609	243	1
609	408	5
609	894	1
609	878	1
611	268	5
611	333	4
611	300	5
611	896	3
611	262	4
611	334	5
611	269	4
611	873	3
611	286	5
611	887	2
611	336	5
611	751	4
611	346	5
611	313	3
611	303	3
611	299	1
611	344	5
611	347	4
611	355	1
611	350	4
612	864	4
612	924	5
612	322	3
612	15	4
612	118	3
612	477	2
612	926	2
612	9	3
612	878	2
612	117	4
612	259	3
612	275	5
612	1060	4
612	237	3
612	7	3
612	300	4
612	1	4
612	604	4
612	1063	5
612	147	4
613	1315	4
613	514	4
613	303	4
613	127	4
613	194	5
613	50	5
613	607	4
613	64	5
613	272	5
613	258	5
613	28	3
613	435	5
613	632	3
613	471	3
613	576	3
613	509	4
613	1	4
613	478	5
613	126	5
613	318	5
614	476	3
614	546	1
614	126	4
614	717	4
614	410	3
614	100	5
614	1009	3
614	287	3
614	411	3
614	9	4
614	281	3
614	122	3
614	472	3
614	279	3
614	255	5
614	25	1
614	117	3
614	405	2
614	1134	2
614	288	2
617	294	1
617	565	4
617	7	3
617	860	1
617	89	4
617	647	3
617	606	3
617	590	1
617	637	3
617	134	3
617	396	1
617	185	5
617	242	3
617	488	4
617	436	3
617	100	4
617	217	1
617	53	1
617	132	1
617	98	2
618	28	4
618	367	3
618	96	3
618	778	3
618	185	5
618	944	2
618	93	3
618	697	3
618	496	4
618	1071	1
618	724	3
618	781	3
618	131	4
618	204	3
618	100	4
618	2	2
618	273	4
618	237	4
618	182	4
618	12	4
620	768	5
620	1043	4
620	121	5
620	444	3
620	565	4
620	678	3
620	379	4
620	281	5
620	465	4
620	930	2
620	501	4
620	268	4
620	294	5
620	625	3
620	682	2
620	1035	4
620	148	3
620	71	5
620	101	2
620	563	5
623	504	3
623	88	4
623	523	4
623	642	3
623	629	3
623	234	4
623	66	4
623	275	5
623	204	5
623	283	4
623	692	3
623	50	5
623	659	5
623	183	3
623	815	2
623	181	5
623	648	5
623	298	2
623	483	5
623	435	5
627	97	2
627	956	2
627	1194	4
627	26	3
627	281	3
627	720	2
627	162	3
627	699	1
627	300	4
627	549	3
627	467	5
627	157	4
627	179	5
627	144	2
627	175	1
627	1004	4
627	210	3
627	649	4
627	403	2
627	581	3
629	528	5
629	332	4
629	886	3
629	317	4
629	197	5
629	117	5
629	195	4
629	207	4
629	162	5
629	284	4
629	9	4
629	1109	4
629	463	4
629	58	4
629	187	5
629	269	3
629	880	4
629	991	1
629	11	2
629	204	5
630	250	1
630	222	4
630	934	3
630	476	5
630	25	2
630	1040	4
630	243	2
630	12	4
630	845	3
630	278	4
630	294	4
630	71	3
630	191	3
630	477	4
630	412	1
630	127	2
630	717	3
630	117	5
630	871	2
630	258	3
631	332	3
631	286	3
631	334	2
631	313	4
631	338	2
631	288	3
631	301	4
631	272	4
631	307	4
631	346	4
631	1527	2
631	886	4
631	315	4
631	294	3
631	310	4
631	682	2
631	877	2
631	873	2
631	289	4
631	323	2
633	252	3
633	566	3
633	778	2
633	276	3
633	526	4
633	28	4
633	172	3
633	322	3
633	385	4
633	1132	2
633	288	2
633	143	4
633	110	3
633	317	3
633	651	3
633	176	3
633	183	4
633	234	4
633	410	2
633	79	5
638	127	2
638	181	5
638	514	2
638	430	5
638	410	4
638	172	4
638	230	5
638	144	5
638	161	4
638	515	4
638	241	3
638	238	4
638	472	3
638	183	4
638	554	3
638	194	3
638	89	4
638	100	3
638	50	4
638	118	3
639	517	2
639	487	5
639	210	3
639	962	1
639	709	3
639	553	3
639	527	4
639	242	4
639	166	3
639	1020	4
639	198	2
639	488	4
639	462	5
639	1194	5
639	1121	2
639	58	3
639	88	3
639	659	3
639	170	4
639	306	4
640	239	5
640	952	4
640	357	5
640	385	5
640	173	5
640	11	4
640	566	4
640	578	3
640	720	3
640	204	5
640	1073	5
640	195	4
640	38	4
640	663	5
640	53	4
640	474	4
640	732	4
640	12	5
640	941	5
640	1016	3
642	135	3
642	768	4
642	38	4
642	105	5
642	951	3
642	1033	3
642	1023	3
642	443	2
642	210	5
642	97	4
642	1039	5
642	1415	4
642	133	5
642	132	3
642	1469	4
642	720	5
642	746	3
642	70	2
642	728	4
642	921	5
645	956	4
645	523	5
645	1018	3
645	81	4
645	179	5
645	434	4
645	658	4
645	748	1
645	286	4
645	403	3
645	69	4
645	512	5
645	175	5
645	200	5
645	87	4
645	59	5
645	203	4
645	675	4
645	55	3
645	197	5
646	690	3
646	751	2
646	678	3
646	908	3
646	310	3
646	682	3
646	893	3
646	300	3
646	347	2
646	304	3
646	258	3
646	1237	3
646	349	2
646	315	4
646	892	2
646	313	5
646	332	3
646	346	2
646	683	3
646	319	3
647	742	4
647	328	3
647	257	2
647	427	4
647	554	4
647	993	4
647	291	3
647	255	4
647	588	4
647	250	3
647	490	4
647	631	4
647	748	4
647	604	4
647	117	3
647	222	4
647	326	3
647	72	4
647	134	4
647	705	4
648	194	5
648	69	1
648	288	4
648	674	3
648	304	5
648	98	4
648	298	2
648	411	2
648	1244	3
648	586	3
648	188	5
648	154	5
648	473	3
648	105	3
648	1072	2
648	554	4
648	133	4
648	1050	4
648	96	5
648	797	3
649	15	4
649	147	4
649	1244	3
649	1283	2
649	323	3
649	291	5
649	250	3
649	181	4
649	1016	4
649	471	5
649	121	2
649	117	5
649	50	4
649	282	4
649	1	5
649	298	4
649	678	3
649	275	2
649	24	4
649	254	4
653	153	2
653	1140	1
653	50	5
653	157	5
653	1210	2
653	83	5
653	272	4
653	566	5
653	211	1
653	1014	2
653	1044	1
653	444	1
653	402	1
653	622	3
653	257	3
653	164	3
653	573	1
653	436	1
653	226	3
653	576	1
654	66	4
654	69	4
654	423	4
654	546	4
654	678	4
654	278	3
654	1009	3
654	128	5
654	257	4
654	746	3
654	313	5
654	1035	4
654	222	5
654	4	4
654	1285	4
654	318	5
654	558	3
654	821	3
654	258	4
654	250	1
655	98	4
655	274	3
655	670	3
655	523	3
655	736	3
655	179	4
655	693	3
655	198	4
655	14	3
655	344	4
655	918	2
655	224	3
655	53	2
655	52	3
655	281	2
655	935	3
655	126	2
655	66	2
655	1403	3
655	726	2
656	327	2
656	272	3
656	347	4
656	286	1
656	903	2
656	896	5
656	322	1
656	750	2
656	344	4
656	338	3
656	270	3
656	245	1
656	326	1
656	269	3
656	303	4
656	875	2
656	689	2
656	316	3
656	301	3
656	346	3
657	475	4
657	9	4
657	294	5
657	282	3
657	269	5
657	301	3
657	628	3
657	302	2
657	118	1
657	346	4
657	1	3
657	690	4
657	922	4
657	300	2
657	1009	4
657	273	3
657	111	5
657	109	1
657	151	4
657	286	4
658	137	3
658	98	4
658	772	3
658	433	4
658	318	4
658	96	4
658	458	3
658	257	4
658	31	3
658	276	4
658	510	3
658	182	5
658	724	3
658	511	4
658	718	3
658	8	5
658	70	3
658	943	3
658	515	5
658	1	4
660	462	2
660	432	4
660	184	3
660	797	2
660	63	2
660	17	1
660	546	2
660	96	3
660	82	2
660	845	3
660	510	3
660	473	2
660	167	2
660	97	3
660	926	2
660	392	2
660	313	4
660	252	2
660	362	2
660	1181	1
665	287	4
665	7	4
665	328	4
665	1283	3
665	527	3
665	65	4
665	24	3
665	1040	4
665	343	3
665	346	2
665	762	4
665	177	3
665	156	5
665	476	4
665	298	3
665	15	4
665	172	4
665	508	2
665	684	3
665	588	4
666	831	2
666	1170	4
666	206	4
666	492	4
666	56	4
666	173	4
666	202	5
666	4	5
666	1047	3
666	183	5
666	638	3
666	182	4
666	122	2
666	223	3
666	179	5
666	203	4
666	301	4
666	1098	4
666	174	3
666	792	4
668	82	4
668	283	5
668	403	4
668	294	3
668	258	2
668	311	4
668	358	3
668	323	4
668	97	2
668	354	4
668	257	3
668	271	4
668	231	2
668	210	5
668	554	3
668	307	4
668	29	3
668	286	4
668	345	2
668	333	3
670	228	5
670	15	4
670	482	5
670	611	5
670	615	3
670	606	4
670	480	5
670	650	2
670	232	3
670	417	4
670	651	4
670	657	5
670	479	5
670	168	3
670	949	2
670	511	4
670	174	4
670	659	5
670	98	2
670	945	4
672	109	4
672	25	5
672	124	3
672	1061	4
672	1023	2
672	1028	4
672	225	2
672	281	3
672	815	4
672	50	3
672	280	2
672	127	4
672	275	5
672	864	3
672	476	5
672	269	3
672	15	3
672	255	2
672	756	2
672	931	1
673	323	2
673	300	3
673	272	5
673	345	4
673	311	4
673	268	1
673	327	4
673	292	4
673	294	4
673	301	3
673	750	5
673	347	4
673	242	4
673	328	4
673	269	4
673	303	5
673	344	5
673	315	5
673	288	4
673	258	2
674	118	3
674	685	3
674	117	5
674	300	3
674	1	4
674	252	2
674	294	4
674	315	3
674	288	3
674	763	5
674	282	5
674	127	5
674	323	3
674	304	3
674	50	4
674	25	4
674	929	3
674	125	5
674	405	4
674	151	2
676	169	5
676	313	4
676	344	5
676	354	4
676	688	1
676	948	1
676	748	4
676	271	3
676	172	5
676	1654	1
676	315	4
676	144	4
676	117	4
676	520	4
676	751	4
676	962	4
676	265	5
676	1527	1
676	245	4
676	181	5
677	307	5
677	237	4
677	126	1
677	405	4
677	14	1
677	678	4
677	286	1
677	323	4
677	1240	5
677	150	3
677	471	4
677	268	5
677	748	4
677	245	5
677	1245	4
677	148	4
677	457	1
677	1	4
677	222	4
677	845	3
678	1129	1
678	181	3
678	515	4
678	111	4
678	147	4
678	1	5
678	7	4
678	25	2
678	15	3
678	287	3
678	276	5
678	282	3
678	742	4
678	1115	3
678	100	5
678	117	4
678	924	2
678	275	2
678	50	4
678	237	3
679	291	4
679	710	4
679	419	3
679	64	4
679	56	4
679	204	3
679	73	4
679	8	2
679	132	4
679	69	4
679	241	3
679	121	2
679	520	4
679	357	5
679	169	3
679	416	3
679	174	3
679	181	5
679	288	4
679	327	4
681	1394	5
681	304	3
681	258	1
681	1105	3
681	289	5
681	294	5
681	1176	4
681	750	5
681	288	1
681	259	2
681	690	4
681	292	4
681	539	4
681	898	4
681	538	3
681	682	1
681	286	5
681	310	3
681	990	4
681	328	3
683	302	5
683	303	3
683	308	3
683	268	4
683	248	4
683	511	5
683	1280	3
683	358	2
683	895	2
683	900	1
683	299	3
683	350	2
683	321	5
683	187	5
683	1483	3
683	748	3
683	313	2
683	306	3
683	264	2
683	286	2
684	625	3
684	237	5
684	94	3
684	186	4
684	38	3
684	520	4
684	371	2
684	553	4
684	48	4
684	934	3
684	64	4
684	722	2
684	161	3
684	239	4
684	88	4
684	238	3
684	121	3
684	147	2
684	218	1
684	111	4
685	991	1
685	319	2
685	340	2
685	327	2
685	302	3
685	324	3
685	333	1
685	873	2
685	872	2
685	299	2
685	286	1
685	334	1
685	882	3
685	325	3
685	289	2
685	875	3
685	886	1
685	269	3
685	288	2
685	337	2
687	324	2
687	286	3
687	321	4
687	288	4
687	748	3
687	300	4
687	895	4
687	245	3
687	313	5
687	336	2
687	264	3
687	988	3
687	268	5
687	879	3
687	749	4
687	678	4
687	319	4
687	294	3
687	323	2
687	340	4
688	349	5
688	307	4
688	359	5
688	898	5
688	326	5
688	332	5
688	341	5
688	329	5
688	1234	5
688	339	5
688	288	5
688	682	5
688	304	5
688	678	5
688	338	5
688	309	5
688	1127	5
688	336	2
688	754	5
688	259	5
689	879	2
689	328	5
689	298	4
689	50	5
689	295	1
689	111	3
689	222	5
689	15	5
689	471	4
689	763	4
689	273	3
689	597	4
689	109	5
689	121	5
689	7	5
689	748	5
689	250	5
689	150	4
689	125	3
689	151	3
690	239	2
690	98	5
690	210	3
690	1207	3
690	174	4
690	85	1
690	64	5
690	194	4
690	218	5
690	384	3
690	364	3
690	67	4
690	163	3
690	276	3
690	794	3
690	80	3
690	25	3
690	649	4
690	204	3
690	790	3
693	273	3
693	23	4
693	132	4
693	53	4
693	131	3
693	39	3
693	604	3
693	427	4
693	69	3
693	432	4
693	181	3
693	499	4
693	25	4
693	333	3
693	289	3
693	655	3
693	143	4
693	472	3
693	480	4
693	1522	3
696	689	1
696	315	5
696	305	4
696	307	5
696	1176	4
696	312	4
696	302	5
696	427	5
696	748	1
696	344	5
696	347	1
696	906	3
696	234	4
696	313	3
696	245	4
696	310	4
696	523	5
696	1062	4
696	883	4
696	1126	3
697	331	3
697	713	5
697	123	5
697	333	3
697	277	5
697	294	4
697	1245	1
697	596	4
697	242	5
697	273	5
697	302	5
697	150	5
697	125	3
697	989	2
697	628	4
697	1059	2
697	298	4
697	754	3
697	683	1
697	301	5
698	491	2
698	210	5
698	751	3
698	529	5
698	168	3
698	603	4
698	307	4
698	177	1
698	83	5
698	478	4
698	512	4
698	1063	2
698	656	1
698	485	4
698	497	3
698	95	3
698	568	2
698	659	3
698	275	4
698	50	5
699	1	3
699	235	3
699	258	5
699	16	3
699	983	3
699	324	4
699	224	3
699	321	3
699	1060	3
699	749	3
699	112	3
699	100	4
699	300	3
699	760	3
699	748	2
699	495	3
699	479	3
699	544	4
699	456	1
699	678	3
701	289	4
701	257	4
701	315	5
701	303	4
701	100	5
701	255	3
701	689	3
701	275	5
701	311	5
701	297	4
701	313	4
701	750	5
701	690	4
701	328	4
701	333	3
701	316	5
701	50	5
701	272	5
701	304	4
701	285	5
702	294	1
702	259	3
702	687	1
702	879	1
702	683	1
702	346	1
702	227	4
702	1127	2
702	343	2
702	288	1
702	449	3
702	230	4
702	300	3
702	538	4
702	258	5
702	222	5
702	313	5
702	229	4
702	748	2
702	228	5
703	9	2
703	7	4
703	471	4
703	864	2
703	275	4
703	235	1
703	259	1
703	117	4
703	258	4
703	410	4
703	294	2
703	845	4
703	237	5
703	293	4
703	1047	3
703	458	3
703	147	3
703	222	4
703	257	5
703	50	5
704	486	4
704	304	2
704	604	5
704	461	3
704	316	4
704	191	3
704	381	3
704	178	5
704	209	3
704	205	5
704	180	4
704	1296	4
704	211	5
704	429	4
704	289	3
704	50	5
704	354	4
704	152	2
704	514	4
704	154	3
705	627	3
705	385	4
705	622	4
705	8	3
705	196	4
705	578	3
705	1043	5
705	233	3
705	58	2
705	172	3
705	560	2
705	427	2
705	151	3
705	827	4
705	64	5
705	121	5
705	400	4
705	50	4
705	298	5
705	265	5
707	1281	4
707	14	3
707	487	2
707	427	4
707	166	3
707	531	5
707	640	2
707	478	4
707	83	3
707	154	3
707	283	4
707	1176	2
707	153	3
707	302	4
707	866	2
707	676	4
707	526	1
707	716	2
707	256	4
707	663	4
708	471	4
708	1047	2
708	1051	4
708	268	3
708	751	4
708	1	5
708	938	3
708	538	2
708	934	4
708	871	1
708	326	4
708	280	4
708	358	2
708	847	3
708	322	3
708	864	3
708	271	1
708	764	4
708	535	2
708	328	3
710	751	3
710	300	3
710	264	2
710	22	3
710	627	4
710	335	1
710	603	4
710	99	4
710	265	4
710	318	4
710	313	4
710	50	4
710	197	4
710	200	4
710	1039	4
710	23	5
710	310	3
710	134	5
710	116	4
710	142	3
711	1152	1
711	95	4
711	421	4
711	483	5
711	1466	4
711	1074	3
711	707	5
711	652	4
711	720	3
711	204	3
711	25	4
711	137	5
711	343	3
711	64	4
711	699	5
711	684	3
711	229	3
711	488	4
711	269	5
711	196	5
712	542	4
712	72	4
712	366	5
712	734	4
712	465	4
712	785	5
712	181	5
712	731	5
712	385	5
712	399	5
712	1178	4
712	97	5
712	82	5
712	747	3
712	790	4
712	213	3
712	812	4
712	728	4
712	1119	4
712	392	5
713	340	3
713	1176	3
713	1656	2
713	307	3
713	1127	3
713	345	3
713	286	3
713	342	3
713	1434	3
713	347	4
713	313	3
713	344	5
713	1431	3
713	898	3
713	302	4
713	327	2
713	310	4
713	689	3
713	362	1
713	539	3
716	235	2
716	194	5
716	159	4
716	196	5
716	143	5
716	118	2
716	836	4
716	707	4
716	602	5
716	499	4
716	160	2
716	416	3
716	470	4
716	318	5
716	483	5
716	91	5
716	153	4
716	163	4
716	503	3
716	275	5
717	290	3
717	222	4
717	748	3
717	294	3
717	980	4
717	287	5
717	268	5
717	324	3
717	25	5
717	235	4
717	302	5
717	150	4
717	100	4
717	291	4
717	293	5
717	322	5
717	301	4
717	331	3
717	117	4
717	328	4
719	659	4
719	121	1
719	66	3
719	223	5
719	392	4
719	281	3
719	282	4
719	50	2
719	778	3
719	9	4
719	23	3
719	291	3
719	742	4
719	660	5
719	357	4
719	673	3
719	126	2
719	7	2
719	532	3
719	289	2
720	269	3
720	995	4
720	1062	5
720	1176	5
720	315	4
720	898	4
720	304	4
720	302	5
720	262	4
720	345	2
720	258	4
720	872	3
720	306	4
720	749	3
720	333	4
720	268	4
720	313	3
720	310	4
720	286	5
720	906	4
721	305	3
721	191	3
721	879	4
721	50	5
721	258	3
721	403	4
721	289	3
721	302	3
721	259	3
721	317	4
721	82	4
721	135	3
721	87	3
721	687	3
721	749	3
721	632	4
721	984	3
721	681	3
721	690	3
721	333	3
722	122	3
722	237	4
722	118	4
722	458	4
722	546	3
722	508	4
722	412	2
722	7	4
722	147	3
722	678	3
722	300	3
722	151	5
722	13	2
722	476	4
722	124	4
722	307	4
722	756	3
722	471	4
722	100	4
722	291	4
723	748	5
723	322	2
723	988	1
723	258	4
723	172	4
723	28	3
723	433	3
723	189	3
723	137	3
723	174	4
723	1	3
723	150	3
723	50	4
723	164	4
723	169	4
723	191	3
723	89	3
723	289	2
723	178	3
723	168	5
724	909	1
724	877	1
724	680	1
724	245	2
724	1617	1
724	299	1
724	311	1
724	300	3
724	1176	1
724	690	1
724	288	4
724	908	1
724	266	1
724	304	4
724	937	3
724	342	3
724	346	1
724	880	3
724	305	3
724	310	5
726	310	4
726	1028	2
726	249	1
726	248	2
726	355	3
726	1059	5
726	117	1
726	898	2
726	274	4
726	845	3
726	257	3
726	1014	1
726	833	5
726	1	4
726	323	3
726	535	3
726	819	3
726	763	2
726	409	3
726	255	2
728	304	4
728	282	4
728	546	2
728	285	4
728	25	4
728	124	3
728	742	4
728	1355	4
728	100	5
728	117	4
728	147	4
728	322	4
728	289	3
728	319	3
728	871	2
728	678	4
728	15	4
728	237	4
728	508	4
728	116	4
730	298	4
730	327	2
730	15	4
730	875	2
730	300	3
730	742	3
730	873	2
730	109	4
730	50	4
730	117	3
730	748	4
730	125	4
730	301	1
730	815	3
730	410	1
730	258	5
730	7	4
730	276	3
730	273	2
730	332	3
731	183	1
731	510	1
731	168	1
731	192	5
731	507	3
731	194	3
731	197	5
731	357	5
731	504	3
731	378	1
731	205	1
731	419	4
731	462	5
731	1	2
731	393	5
731	1269	3
731	153	3
731	487	4
731	216	5
731	95	3
732	332	5
732	243	5
732	300	4
732	873	5
732	288	4
732	294	3
732	938	1
732	937	4
732	289	3
732	269	5
732	305	2
732	875	1
732	286	5
732	882	5
732	245	4
732	324	2
732	321	3
732	304	5
732	690	5
732	322	3
733	1142	4
733	1009	2
733	1171	3
733	676	4
733	121	3
733	147	1
733	288	2
733	7	3
733	19	5
733	293	4
733	1173	2
733	279	2
733	242	4
733	847	3
733	298	2
733	1129	4
733	248	3
733	294	2
733	10	3
733	253	3
734	210	3
734	143	5
734	591	4
734	111	3
734	204	4
734	419	4
734	222	1
734	166	3
734	174	4
734	56	1
734	482	2
734	751	4
734	607	5
734	172	4
734	99	4
734	82	4
734	662	3
734	198	1
734	699	4
734	98	4
735	25	4
735	293	3
735	744	3
735	9	4
735	276	4
735	126	3
735	100	2
735	269	3
735	258	4
735	285	4
735	1	4
735	690	4
735	147	1
735	333	4
735	813	4
735	741	2
735	475	4
735	327	3
735	332	3
735	628	3
736	255	1
736	1278	1
736	246	4
736	248	4
736	50	3
736	1089	1
736	253	5
736	323	1
736	257	3
736	254	1
736	678	1
736	515	5
736	127	4
736	1388	5
736	181	2
736	296	4
736	293	4
736	993	4
736	286	4
736	532	4
740	322	3
740	302	5
740	873	2
740	1038	4
740	300	4
740	289	4
740	319	3
740	269	4
740	288	4
740	242	4
740	340	4
740	938	1
740	328	3
740	748	3
740	294	4
740	286	5
740	258	3
740	332	3
740	326	3
740	271	2
747	650	4
747	432	5
747	531	4
747	23	5
747	279	4
747	223	5
747	108	4
747	661	5
747	180	5
747	208	5
747	303	5
747	1050	3
747	486	5
747	1375	4
747	783	1
747	25	3
747	173	3
747	116	4
747	228	4
747	48	5
751	472	2
751	419	4
751	250	3
751	487	5
751	418	5
751	1011	4
751	735	4
751	736	5
751	480	4
751	85	3
751	568	3
751	248	5
751	178	5
751	652	4
751	301	5
751	1661	1
751	778	3
751	305	2
751	88	4
751	316	4
753	499	3
753	50	4
753	211	4
753	898	4
753	483	5
753	322	3
753	194	4
753	22	4
753	199	5
753	484	5
753	359	4
753	515	5
753	673	1
753	215	5
753	79	4
753	96	1
753	462	4
753	510	4
753	182	3
753	134	4
754	328	3
754	276	5
754	819	3
754	359	3
754	937	4
754	117	4
754	676	3
754	237	3
754	118	2
754	619	4
754	476	4
754	744	3
754	477	5
754	15	5
754	742	3
754	255	3
754	9	4
754	595	2
754	459	4
754	284	3
755	271	1
755	269	5
755	289	1
755	304	4
755	288	1
755	259	3
755	748	4
755	327	2
755	319	3
755	690	5
755	872	1
755	881	1
755	689	3
755	311	4
755	294	3
755	264	2
755	887	3
755	875	1
755	343	3
755	302	4
756	550	2
756	603	5
756	398	3
756	92	3
756	367	4
756	527	3
756	161	3
756	753	2
756	234	3
756	117	4
756	1119	4
756	122	1
756	100	5
756	554	1
756	642	2
756	99	3
756	176	4
756	404	3
756	178	5
756	63	3
758	177	5
758	288	4
758	1142	5
758	235	5
758	127	5
758	597	2
758	587	4
758	272	4
758	269	4
758	258	4
758	810	3
758	224	4
758	248	4
758	298	4
758	431	3
758	892	2
758	7	5
758	135	5
758	347	3
758	517	3
759	275	4
759	258	4
759	1016	5
759	405	4
759	984	2
759	332	4
759	300	5
759	121	5
759	298	4
759	591	3
759	220	5
759	117	5
759	742	5
759	1	5
759	756	4
759	937	4
759	222	5
759	328	5
759	678	2
759	257	4
760	1037	5
760	682	3
760	739	4
760	928	1
760	204	4
760	172	3
760	841	3
760	65	2
760	50	3
760	604	4
760	723	2
760	183	2
760	278	4
760	202	3
760	216	2
760	162	3
760	125	4
760	819	1
760	181	3
760	185	2
762	515	5
762	749	1
762	815	1
762	246	1
762	270	4
762	332	1
762	421	4
762	116	1
762	237	3
762	709	3
762	302	5
762	875	5
762	1662	1
762	286	4
762	475	5
762	256	3
762	934	1
762	173	5
762	274	4
762	955	5
763	375	2
763	960	4
763	28	3
763	200	4
763	275	5
763	213	4
763	286	4
763	1	4
763	11	4
763	22	4
763	367	3
763	88	4
763	742	4
763	210	3
763	1268	5
763	238	4
763	588	4
763	461	4
763	258	3
763	151	4
764	11	4
764	496	5
764	31	4
764	71	5
764	245	4
764	742	3
764	820	3
764	527	4
764	223	3
764	756	3
764	9	4
764	118	3
764	140	3
764	597	4
764	86	3
764	321	1
764	77	4
764	143	5
764	100	4
764	1152	3
768	173	5
768	1016	2
768	826	1
768	257	4
768	70	4
768	65	4
768	275	4
768	1014	2
768	282	4
768	756	3
768	117	4
768	288	4
768	278	2
768	845	2
768	332	4
768	1	5
768	340	2
768	50	4
768	111	3
768	252	3
776	569	3
776	127	5
776	769	3
776	22	5
776	442	2
776	496	3
776	21	3
776	485	2
776	672	3
776	648	3
776	164	3
776	486	4
776	511	5
776	439	1
776	276	4
776	234	5
776	436	4
776	422	2
776	443	3
776	168	5
779	15	4
779	328	4
779	195	5
779	411	3
779	181	5
779	1028	4
779	300	3
779	109	3
779	21	5
779	509	2
779	257	4
779	471	4
779	258	5
779	71	4
779	926	4
779	222	4
779	243	4
779	7	3
779	235	4
779	284	3
781	223	4
781	322	2
781	187	5
781	205	5
781	100	5
781	87	4
781	174	5
781	268	2
781	204	4
781	483	5
781	258	2
781	64	4
781	191	4
781	180	4
781	403	4
781	324	4
781	288	2
781	474	5
781	127	5
781	215	3
782	308	4
782	322	4
782	249	2
782	246	3
782	683	1
782	288	4
782	1600	3
782	1023	3
782	1390	3
782	878	3
782	1658	2
782	250	4
782	294	3
782	310	4
782	938	3
782	1216	2
782	346	2
782	329	3
782	984	2
782	1538	3
784	272	4
784	315	4
784	312	3
784	678	4
784	751	4
784	270	3
784	754	3
784	313	5
784	303	4
784	333	4
784	898	4
784	310	4
784	321	3
784	328	3
784	269	5
784	307	4
784	1038	3
784	292	4
784	286	3
784	271	3
786	177	4
786	86	4
786	318	5
786	471	4
786	200	5
786	187	4
786	404	4
786	633	4
786	180	4
786	276	1
786	70	4
786	449	2
786	230	4
786	231	2
786	699	4
786	82	4
786	429	4
786	238	4
786	405	4
786	216	4
787	310	5
787	311	4
787	333	3
787	324	2
787	259	4
787	292	3
787	342	2
787	899	3
787	245	3
787	880	3
787	271	1
787	304	4
787	361	3
787	348	4
787	347	4
787	307	4
787	329	4
787	690	5
787	269	3
787	750	5
789	293	4
789	9	5
789	284	3
789	1	3
789	127	5
789	475	5
789	294	3
789	181	4
789	137	2
789	111	3
789	1017	3
789	50	5
789	1012	4
789	286	1
789	248	3
789	1008	4
789	508	4
789	742	3
789	1161	3
789	93	4
796	401	3
796	193	3
796	164	3
796	517	2
796	431	4
796	184	1
796	1119	4
796	399	4
796	491	4
796	270	4
796	1074	1
796	1042	4
796	159	3
796	540	2
796	527	3
796	154	3
796	418	4
796	679	4
796	229	3
796	87	5
797	687	2
797	990	2
797	286	2
797	1254	2
797	50	5
797	748	1
797	720	2
797	781	5
797	181	5
797	243	2
797	269	3
797	336	2
797	328	2
797	988	1
797	309	3
797	307	2
797	948	1
797	127	4
797	340	2
797	300	2
798	1119	3
798	151	3
798	196	3
798	1224	2
798	1	4
798	998	3
798	586	2
798	274	5
798	138	3
798	480	3
798	21	5
798	988	3
798	116	3
798	164	4
798	719	1
798	94	3
798	932	4
798	1089	3
798	993	3
798	197	2
799	479	5
799	331	4
799	174	5
799	427	5
799	292	4
799	50	4
799	258	5
799	286	5
799	319	4
799	654	5
799	499	4
799	484	3
799	748	2
799	321	4
799	127	4
799	307	3
799	45	4
799	289	3
799	690	3
799	173	5
800	300	4
800	289	4
800	476	3
800	304	3
800	294	3
800	292	5
800	597	4
800	125	3
800	742	4
800	127	4
800	222	4
800	257	4
800	457	2
800	118	3
800	25	4
800	1047	3
800	223	5
800	864	4
800	276	3
800	751	4
801	752	4
801	895	5
801	259	3
801	288	5
801	332	5
801	326	4
801	307	4
801	302	4
801	333	5
801	358	4
801	301	5
801	245	3
801	294	5
801	343	4
801	300	5
801	355	3
801	328	5
801	890	2
801	354	4
801	682	5
803	286	5
803	988	1
803	683	1
803	688	1
803	269	5
803	306	4
803	338	2
803	887	5
803	303	4
803	311	5
803	242	5
803	243	1
803	321	4
803	748	1
803	271	2
803	754	2
803	339	3
803	690	4
803	245	4
803	325	4
804	231	4
804	213	3
804	198	5
804	192	4
804	1222	3
804	550	4
804	546	3
804	433	4
804	11	4
804	1076	3
804	49	2
804	82	5
804	318	5
804	204	4
804	31	4
804	85	4
804	654	3
804	588	4
804	399	4
804	365	4
805	17	4
805	387	3
805	581	2
805	319	2
805	447	4
805	761	3
805	42	2
805	321	3
805	715	4
805	595	3
805	90	2
805	755	3
805	475	5
805	96	4
805	473	4
805	747	3
805	176	4
805	222	4
805	576	4
805	527	3
806	254	3
806	407	3
806	177	3
806	705	4
806	197	4
806	654	5
806	629	3
806	3	2
806	238	4
806	182	5
806	192	4
806	483	4
806	172	3
806	343	3
806	522	3
806	121	4
806	233	2
806	89	5
806	405	3
806	324	2
807	271	3
807	385	4
807	636	4
807	1050	5
807	117	4
807	99	5
807	528	4
807	527	5
807	239	4
807	576	4
807	471	4
807	405	4
807	1444	3
807	419	5
807	399	4
807	193	4
807	427	4
807	842	4
807	465	4
807	250	4
808	302	5
808	875	4
808	264	5
808	340	5
808	294	5
808	300	4
808	332	4
808	245	4
808	288	3
808	271	3
808	312	3
808	325	1
808	750	5
808	751	3
808	872	5
808	313	5
808	333	4
808	262	5
808	748	4
808	286	4
809	313	4
809	289	1
809	678	2
809	307	5
809	331	2
809	333	3
809	328	5
809	322	3
809	299	4
809	258	3
809	272	5
809	245	3
809	319	3
809	1025	1
809	286	4
809	340	4
809	748	3
809	315	5
809	302	5
809	300	4
810	321	5
810	331	4
810	876	3
810	879	5
810	338	4
810	313	5
810	304	4
810	301	5
810	881	4
810	323	4
810	326	5
810	286	4
810	294	5
810	269	5
810	288	3
810	300	5
810	902	5
810	243	4
810	333	5
810	328	5
811	258	5
811	301	5
811	292	3
811	300	5
811	308	4
811	315	4
811	690	5
811	892	4
811	304	5
811	289	2
811	286	5
811	895	5
811	321	3
811	243	3
811	678	5
811	323	5
811	988	4
811	748	3
811	294	4
811	307	4
812	1393	3
812	326	4
812	678	4
812	333	5
812	294	5
812	302	3
812	289	1
812	300	5
812	873	4
812	245	2
812	288	4
812	881	4
812	748	5
812	328	4
812	292	3
812	261	1
812	358	3
812	332	4
812	682	4
812	286	2
813	289	4
813	892	1
813	680	2
813	901	1
813	342	1
813	259	2
813	890	4
813	898	1
813	307	4
813	304	1
813	358	3
813	266	2
813	310	4
813	988	3
813	271	4
813	877	1
813	294	1
813	9	3
813	335	2
813	538	3
816	326	4
816	349	4
816	342	4
816	243	4
816	678	4
816	313	5
816	309	5
816	294	5
816	260	3
816	332	4
816	258	3
816	355	2
816	687	2
816	328	4
816	271	4
816	259	2
816	331	5
816	343	4
816	264	4
816	288	4
819	327	4
819	340	5
819	303	4
819	182	4
819	345	4
819	268	4
819	319	4
819	248	5
819	302	5
819	246	4
819	1160	4
819	70	4
819	300	5
819	321	4
819	177	4
819	346	5
819	1537	5
819	381	4
819	862	2
819	315	5
822	235	3
822	91	3
822	926	2
822	101	2
822	432	3
822	1110	4
822	111	4
822	588	2
822	333	4
822	272	3
822	751	3
822	169	4
822	1240	3
822	408	5
822	71	4
822	25	3
822	358	3
822	410	1
822	539	2
822	1091	1
826	184	3
826	172	5
826	38	3
826	1239	4
826	684	3
826	431	5
826	1219	4
826	92	4
826	566	3
826	182	4
826	336	4
826	161	3
826	241	4
826	313	5
826	50	5
826	55	5
826	294	4
826	188	4
826	1091	3
826	820	3
827	289	3
827	288	3
827	347	3
827	245	3
827	294	4
827	272	4
827	331	3
827	269	5
827	750	3
827	313	3
827	689	3
827	316	3
827	258	3
827	329	3
827	301	4
827	690	3
827	748	4
827	268	4
827	300	3
827	302	4
831	340	4
831	591	4
831	96	5
831	174	5
831	258	2
831	245	2
831	331	4
831	272	5
831	273	3
831	266	3
831	150	3
831	250	5
831	181	5
831	328	3
831	100	4
831	1	4
831	877	2
831	1063	4
831	347	3
831	333	4
834	117	4
834	744	4
834	255	3
834	313	5
834	347	4
834	288	5
834	151	4
834	762	4
834	269	5
834	282	4
834	293	3
834	100	4
834	150	5
834	7	4
834	343	4
834	127	5
834	275	3
834	292	5
834	50	5
834	258	4
835	157	4
835	193	4
835	708	5
835	660	4
835	143	5
835	325	5
835	393	5
835	1	3
835	628	3
835	216	4
835	526	3
835	131	5
835	654	5
835	162	5
835	50	4
835	609	4
835	610	5
835	458	4
835	673	4
835	1153	4
836	419	2
836	268	3
836	288	1
836	238	4
836	611	5
836	880	4
836	875	1
836	657	5
836	170	5
836	896	3
836	429	4
836	258	4
836	496	4
836	12	5
836	659	5
836	507	4
836	165	4
836	134	3
836	180	5
836	216	4
837	275	4
837	476	3
837	289	5
837	13	4
837	15	3
837	286	4
837	628	3
837	762	2
837	280	2
837	220	4
837	237	3
837	845	4
837	20	4
837	535	1
837	276	1
837	19	4
837	596	3
837	225	3
837	283	5
837	274	4
839	285	5
839	123	3
839	321	1
839	319	1
839	237	3
839	950	4
839	129	4
839	281	3
839	292	3
839	286	4
839	276	3
839	825	4
839	220	3
839	1664	1
839	696	2
839	866	2
839	260	2
839	257	3
839	244	3
839	475	5
843	448	4
843	635	2
843	452	2
843	665	3
843	145	3
843	615	3
843	98	3
843	449	3
843	298	2
843	195	4
843	636	4
843	152	2
843	159	2
843	444	2
843	186	2
843	403	2
843	238	3
843	227	3
843	205	4
843	183	5
846	57	2
846	1074	3
846	94	4
846	258	3
846	1411	4
846	377	2
846	603	5
846	627	4
846	674	4
846	136	3
846	36	2
846	205	5
846	403	3
846	1286	4
846	736	4
846	382	3
846	60	4
846	90	2
846	1518	2
846	566	5
849	15	5
849	174	5
849	427	4
849	207	5
849	197	5
849	633	5
849	568	4
849	118	5
849	121	5
849	928	5
849	234	5
849	133	5
849	172	5
849	676	5
849	288	5
849	421	5
849	27	5
849	588	5
849	143	5
849	298	5
851	338	3
851	693	5
851	27	4
851	240	4
851	172	5
851	255	3
851	363	4
851	680	3
851	544	4
851	111	3
851	68	3
851	1009	2
851	272	5
851	987	1
851	405	5
851	564	3
851	527	5
851	1245	4
851	760	4
851	11	5
852	546	4
852	678	3
852	289	2
852	118	4
852	7	3
852	181	4
852	257	4
852	405	3
852	151	4
852	515	5
852	820	4
852	685	3
852	841	4
852	323	3
852	930	3
852	127	4
852	260	3
852	473	3
852	408	5
852	597	3
854	117	3
854	287	3
854	1014	3
854	273	4
854	79	4
854	281	3
854	291	2
854	925	2
854	216	3
854	32	4
854	255	1
854	122	3
854	409	2
854	318	5
854	475	4
854	87	4
854	186	3
854	979	4
854	499	4
854	126	3
855	510	4
855	179	3
855	582	3
855	855	4
855	45	3
855	531	3
855	529	4
855	475	4
855	170	2
855	165	4
855	509	3
855	86	2
855	198	4
855	919	3
855	512	4
855	60	3
855	59	3
855	1021	3
855	171	3
855	283	3
856	289	1
856	286	4
856	313	5
856	312	2
856	294	4
856	315	5
856	310	3
856	323	2
856	688	2
856	749	3
856	347	2
856	307	4
856	678	3
856	300	4
856	258	4
856	322	4
856	879	3
856	690	4
856	326	2
856	750	5
857	283	5
857	275	5
857	294	3
857	259	4
857	116	5
857	988	2
857	328	3
857	687	1
857	898	5
857	348	1
857	325	1
857	547	3
857	892	3
857	14	4
857	24	1
857	475	5
857	19	4
857	258	5
857	321	4
857	300	3
858	286	4
858	127	5
858	307	3
858	334	4
858	515	4
858	333	4
858	269	4
858	323	2
858	293	3
858	289	3
858	331	3
858	181	2
858	1368	4
858	754	4
858	678	1
858	292	3
858	100	3
858	690	3
858	9	5
858	689	5
859	421	5
859	1095	2
859	287	5
859	846	5
859	955	5
859	1315	4
859	294	3
859	25	4
859	1281	3
859	1132	3
859	535	5
859	1061	4
859	368	3
859	249	5
859	111	4
859	1014	4
859	762	5
859	928	3
859	293	4
859	276	4
860	347	4
860	283	4
860	159	3
860	300	4
860	305	4
860	1602	3
860	301	2
860	294	2
860	846	2
860	890	2
860	4	4
860	303	3
860	289	3
860	1061	3
860	245	3
860	153	4
860	716	2
860	715	4
860	211	3
860	514	5
861	1009	5
861	275	5
861	179	1
861	301	4
861	382	5
861	14	4
861	86	5
861	170	5
861	547	4
861	1227	4
861	83	5
861	736	4
861	1148	3
861	531	4
861	52	5
861	289	5
861	714	4
861	584	5
861	949	4
861	294	3
864	775	1
864	70	4
864	408	5
864	566	4
864	227	4
864	693	4
864	1531	3
864	168	4
864	53	4
864	708	3
864	716	2
864	642	3
864	71	3
864	50	5
864	208	4
864	11	5
864	273	5
864	1446	3
864	54	4
864	526	4
871	747	3
871	174	5
871	515	4
871	241	3
871	245	3
871	346	3
871	1385	3
871	259	3
871	1345	3
871	27	2
871	895	3
871	302	5
871	947	2
871	781	4
871	177	5
871	337	3
871	275	3
871	1197	3
871	1119	3
871	883	3
872	1	3
872	864	3
872	111	4
872	310	4
872	258	4
872	332	3
872	288	5
872	118	4
872	106	3
872	932	4
872	977	3
872	237	4
872	363	4
872	323	2
872	925	4
872	748	3
872	280	3
872	597	4
872	815	4
872	763	3
873	294	4
873	750	3
873	875	1
873	339	3
873	286	2
873	289	2
873	259	1
873	313	5
873	321	1
873	300	4
873	307	3
873	292	5
873	348	3
873	258	3
873	358	2
873	328	4
873	269	2
873	326	4
873	879	2
873	342	4
875	692	2
875	504	5
875	4	3
875	651	5
875	514	5
875	334	4
875	96	4
875	1422	3
875	171	5
875	71	2
875	133	4
875	176	4
875	923	5
875	268	4
875	582	5
875	474	5
875	772	5
875	173	5
875	169	5
875	501	4
878	692	4
878	655	3
878	949	3
878	172	4
878	511	4
878	22	2
878	794	4
878	275	4
878	71	4
878	286	4
878	427	5
878	402	4
878	642	3
878	659	4
878	212	3
878	582	4
878	283	3
878	126	3
878	530	5
878	736	5
879	50	4
879	282	4
879	237	4
879	1047	2
879	151	3
879	294	3
879	222	4
879	127	5
879	181	4
879	117	4
879	1	4
879	304	4
879	685	4
879	255	4
879	1284	3
879	763	5
879	300	3
879	866	5
879	15	4
879	597	2
881	53	2
881	559	2
881	204	4
881	790	3
881	222	5
881	49	5
881	1124	4
881	441	2
881	663	5
881	13	4
881	89	4
881	1046	3
881	180	5
881	671	3
881	601	5
881	1118	3
881	550	3
881	54	4
881	423	4
881	133	4
882	294	4
882	117	4
882	86	5
882	193	5
882	1015	3
882	15	5
882	204	5
882	173	5
882	559	3
882	515	5
882	105	3
882	140	3
882	616	4
882	8	5
882	815	2
882	186	5
882	71	5
882	215	5
882	409	4
882	471	4
883	83	3
883	135	4
883	665	4
883	792	4
883	129	5
883	727	3
883	224	4
883	867	5
883	516	4
883	749	3
883	68	4
883	72	4
883	144	4
883	561	3
883	239	3
883	311	4
883	69	2
883	7	5
883	50	4
883	407	3
884	475	4
884	116	4
884	300	1
884	736	3
884	1009	2
884	1214	1
884	100	5
884	269	5
884	322	3
884	166	3
884	640	1
884	165	3
884	381	5
884	9	5
884	509	4
884	275	4
884	582	5
884	179	5
884	70	4
884	258	5
885	173	4
885	95	4
885	418	4
885	866	3
885	501	3
885	70	5
885	186	4
885	56	3
885	65	2
885	239	3
885	596	4
885	233	3
885	195	4
885	432	4
885	91	3
885	428	4
885	210	5
885	405	4
885	1311	2
885	1	5
886	235	3
886	147	5
886	68	3
886	7	5
886	3	3
886	173	5
886	357	4
886	208	3
886	781	4
886	819	4
886	233	3
886	232	3
886	160	1
886	273	2
886	1303	1
886	175	4
886	108	5
886	118	1
886	4	3
886	419	3
887	692	5
887	931	3
887	993	5
887	210	5
887	84	4
887	1540	5
887	181	5
887	1012	1
887	200	1
887	279	5
887	369	5
887	1136	5
887	633	5
887	1	5
887	839	4
887	1015	5
887	1035	5
887	473	4
887	111	5
887	768	4
890	625	3
890	427	5
890	258	3
890	153	3
890	118	2
890	662	3
890	449	1
890	516	2
890	843	3
890	237	3
890	1065	3
890	181	4
890	324	4
890	443	4
890	163	3
890	89	4
890	172	5
890	98	4
890	340	4
890	135	5
891	471	5
891	591	4
891	1028	3
891	280	3
891	313	5
891	278	4
891	15	4
891	282	5
891	1197	5
891	25	5
891	934	3
891	117	3
891	285	5
891	546	3
891	50	4
891	459	5
891	531	4
891	281	5
891	933	3
891	717	4
892	441	3
892	177	4
892	87	5
892	432	4
892	661	5
892	781	4
892	226	3
892	649	5
892	76	4
892	151	4
892	127	5
892	604	5
892	273	4
892	708	4
892	134	5
892	1219	2
892	849	2
892	71	3
892	578	4
892	73	3
893	148	3
893	117	4
893	294	3
893	724	3
893	259	3
893	122	2
893	237	4
893	147	3
893	410	4
893	1218	3
893	144	4
893	426	4
893	405	5
893	56	5
893	411	3
893	471	4
893	172	5
893	1	5
893	264	3
893	1215	3
895	294	4
895	885	2
895	301	4
895	284	3
895	597	2
895	742	4
895	275	5
895	328	4
895	151	5
895	222	3
895	283	4
895	117	3
895	988	3
895	1014	3
895	1	4
895	748	3
895	100	4
895	13	5
895	181	5
895	50	5
896	325	1
896	744	3
896	752	1
896	849	2
896	136	5
896	458	1
896	48	4
896	684	4
896	67	2
896	1101	2
896	108	3
896	281	2
896	525	5
896	713	2
896	212	2
896	310	4
896	686	3
896	384	2
896	318	4
896	403	1
897	127	5
897	202	2
897	194	5
897	568	5
897	473	3
897	472	5
897	419	4
897	151	5
897	597	5
897	186	5
897	1	5
897	1254	2
897	478	3
897	393	4
897	227	3
897	143	5
897	204	4
897	928	5
897	56	2
897	214	5
902	327	3
902	295	2
902	50	5
902	333	3
902	993	3
902	515	5
902	318	5
902	258	3
902	181	3
902	306	4
902	298	2
902	250	4
902	497	5
902	176	5
902	480	5
902	300	4
902	483	4
902	304	3
902	134	3
902	294	2
904	739	4
904	66	4
904	9	4
904	216	4
904	628	3
904	155	4
904	289	5
904	553	3
904	421	5
904	1041	2
904	736	4
904	694	3
904	781	4
904	288	4
904	300	4
904	328	2
904	778	3
904	97	4
904	278	5
904	451	4
905	116	3
905	245	3
905	333	3
905	475	3
905	129	4
905	150	4
905	302	5
905	321	4
905	258	3
905	282	3
905	124	4
905	742	4
905	125	3
905	717	1
905	1011	3
905	328	3
905	7	4
905	300	4
905	326	3
905	313	4
907	301	4
907	147	5
907	340	2
907	1057	3
907	100	5
907	317	5
907	591	5
907	619	2
907	724	5
907	685	5
907	763	5
907	86	5
907	472	5
907	125	4
907	290	4
907	282	4
907	828	5
907	825	3
907	620	4
907	274	5
908	414	3
908	185	4
908	133	5
908	56	4
908	648	4
908	173	3
908	200	2
908	322	2
908	192	2
908	181	3
908	69	3
908	98	5
908	204	4
908	657	4
908	694	4
908	288	4
908	147	2
908	701	4
908	156	3
908	55	3
909	292	4
909	339	4
909	880	4
909	382	5
909	529	3
909	582	5
909	286	4
909	165	5
909	744	3
909	509	5
909	531	4
909	289	3
909	116	5
909	166	5
909	261	5
909	682	3
909	1121	5
909	300	5
909	14	4
909	275	5
910	332	2
910	237	4
910	289	3
910	508	4
910	252	2
910	23	4
910	137	3
910	257	3
910	414	4
910	125	3
910	100	4
910	245	2
910	24	3
910	1012	4
910	293	4
910	845	4
910	117	4
910	182	4
910	288	3
910	282	3
911	588	4
911	357	4
911	485	3
911	435	5
911	383	3
911	381	5
911	143	5
911	659	3
911	313	2
911	98	2
911	238	2
911	168	4
911	185	5
911	423	4
911	174	4
911	89	4
911	7	4
911	496	3
911	1203	4
911	99	3
913	1240	2
913	265	4
913	8	2
913	527	5
913	1112	1
913	465	2
913	12	4
913	92	4
913	234	4
913	179	3
913	144	5
913	99	4
913	237	4
913	260	1
913	789	4
913	98	4
913	357	5
913	301	1
913	481	3
913	58	5
914	692	3
914	313	3
914	739	2
914	732	2
914	387	3
914	381	3
914	781	5
914	451	2
914	775	3
914	1406	4
914	197	4
914	88	2
914	371	4
914	155	5
914	1259	1
914	1355	1
914	111	1
914	736	3
914	643	4
914	724	3
916	170	4
916	1335	4
916	100	5
916	232	3
916	271	3
916	470	3
916	160	3
916	244	4
916	781	3
916	523	3
916	451	3
916	1046	2
916	366	3
916	252	2
916	1428	3
916	1135	3
916	467	3
916	866	3
916	214	3
916	229	3
917	150	5
917	100	4
917	879	2
917	276	5
917	471	4
917	591	3
917	246	4
917	287	4
917	535	4
917	25	4
917	278	3
917	756	4
917	268	4
917	740	5
917	248	4
917	50	3
917	282	4
917	1014	2
917	751	2
917	237	5
920	270	3
920	300	3
920	347	4
920	258	4
920	307	3
920	299	2
920	333	4
920	245	2
920	310	4
920	292	3
920	288	3
920	268	3
920	682	3
920	350	4
920	346	4
920	331	3
920	332	3
920	328	2
920	302	4
920	1612	4
921	471	2
921	1	3
921	313	5
921	132	3
921	173	5
921	87	2
921	82	3
921	288	3
921	282	2
921	181	5
921	728	3
921	8	3
921	692	4
921	1060	2
921	252	4
921	72	4
921	24	3
921	720	4
921	1047	1
921	932	3
922	56	1
922	210	3
922	756	2
922	249	3
922	227	4
922	216	3
922	588	4
922	161	3
922	382	4
922	202	5
922	371	3
922	451	4
922	215	3
922	72	4
922	229	4
922	395	4
922	89	5
922	63	3
922	1035	3
922	143	4
925	678	3
925	447	4
925	682	4
925	185	4
925	56	3
925	323	4
925	218	4
925	327	3
925	948	2
925	563	2
925	788	3
925	5	4
925	333	3
925	561	3
925	773	1
925	299	3
925	245	3
925	332	4
925	876	3
925	260	3
928	333	3
928	358	5
928	288	3
928	173	4
928	1007	5
928	48	5
928	266	5
928	165	5
928	114	5
928	269	5
928	1025	5
928	98	5
928	487	5
928	496	5
928	878	5
928	8	5
928	876	5
928	176	3
928	877	5
928	187	5
930	269	4
930	126	5
930	288	1
930	237	3
930	153	2
930	455	1
930	405	3
930	1315	3
930	151	2
930	283	4
930	245	3
930	763	3
930	871	3
930	300	4
930	8	3
930	107	3
930	845	3
930	121	4
930	148	1
930	651	3
932	229	4
932	525	5
932	105	2
932	1305	2
932	709	4
932	1065	5
932	55	3
932	1266	4
932	504	4
932	435	4
932	679	2
932	614	4
932	1204	5
932	285	4
932	7	4
932	1184	3
932	967	4
932	135	5
932	497	5
932	176	5
936	285	4
936	106	3
936	281	4
936	1086	3
936	181	4
936	250	5
936	340	4
936	333	3
936	741	4
936	236	5
936	547	5
936	298	4
936	313	4
936	927	4
936	1258	2
936	111	4
936	952	4
936	14	4
936	249	5
936	818	4
938	840	2
938	122	1
938	864	4
938	333	4
938	477	1
938	476	4
938	125	3
938	1012	5
938	988	3
938	300	3
938	105	1
938	763	4
938	595	2
938	873	3
938	240	2
938	313	5
938	281	2
938	181	5
938	9	3
938	1033	2
939	222	5
939	1023	4
939	258	4
939	220	5
939	689	5
939	121	5
939	476	5
939	993	4
939	1277	5
939	106	3
939	931	2
939	409	4
939	597	4
939	1054	4
939	934	3
939	890	2
939	818	3
939	326	5
939	1051	5
939	1190	5
942	304	5
942	200	4
942	323	3
942	269	2
942	969	4
942	131	5
942	487	4
942	427	5
942	615	3
942	31	5
942	511	4
942	584	4
942	347	5
942	423	5
942	193	5
942	604	4
942	539	3
942	313	3
942	261	4
942	117	4
